,date,negatives,positives,ratio,negatives (t-1),positives (t-1),ratio (t-1),negatives (t-2),positives (t-2),ratio (t-2),negatives (t-3),positives (t-3),ratio (t-3),negatives (t-4),positives (t-4),ratio (t-4),negatives (t-5),positives (t-5),ratio (t-5),negatives (t-6),positives (t-6),ratio (t-6),negatives (t-7),positives (t-7),ratio (t-7),label
0,2019-05-03,7,8,0.5333333333333333,0.0,0.0,0.0,0.0,0.0,0.0,0.0,0.0,0.0,0.0,0.0,0.0,0.0,0.0,0.0,0.0,0.0,0.0,0.0,0.0,0.0,0
1,2019-05-02,15,8,0.34782608695652173,7.0,8.0,0.5333333333333333,0.0,0.0,0.0,0.0,0.0,0.0,0.0,0.0,0.0,0.0,0.0,0.0,0.0,0.0,0.0,0.0,0.0,0.0,1
2,2019-05-01,9,14,0.6086956521739131,15.0,8.0,0.34782608695652173,7.0,8.0,0.5333333333333333,0.0,0.0,0.0,0.0,0.0,0.0,0.0,0.0,0.0,0.0,0.0,0.0,0.0,0.0,0.0,0
3,2019-04-30,3,5,0.625,9.0,14.0,0.6086956521739131,15.0,8.0,0.34782608695652173,7.0,8.0,0.5333333333333333,0.0,0.0,0.0,0.0,0.0,0.0,0.0,0.0,0.0,0.0,0.0,0.0,0
4,2019-04-29,5,2,0.2857142857142857,3.0,5.0,0.625,9.0,14.0,0.6086956521739131,15.0,8.0,0.34782608695652173,7.0,8.0,0.5333333333333333,0.0,0.0,0.0,0.0,0.0,0.0,0.0,0.0,0.0,1
5,2019-04-26,17,6,0.2608695652173913,5.0,2.0,0.2857142857142857,3.0,5.0,0.625,9.0,14.0,0.6086956521739131,15.0,8.0,0.34782608695652173,7.0,8.0,0.5333333333333333,0.0,0.0,0.0,0.0,0.0,0.0,1
6,2019-04-25,20,5,0.2,17.0,6.0,0.2608695652173913,5.0,2.0,0.2857142857142857,3.0,5.0,0.625,9.0,14.0,0.6086956521739131,15.0,8.0,0.34782608695652173,7.0,8.0,0.5333333333333333,0.0,0.0,0.0,1
7,2019-04-24,8,4,0.3333333333333333,20.0,5.0,0.2,17.0,6.0,0.2608695652173913,5.0,2.0,0.2857142857142857,3.0,5.0,0.625,9.0,14.0,0.6086956521739131,15.0,8.0,0.34782608695652173,7.0,8.0,0.5333333333333333,0
8,2019-04-23,10,11,0.5238095238095238,8.0,4.0,0.3333333333333333,20.0,5.0,0.2,17.0,6.0,0.2608695652173913,5.0,2.0,0.2857142857142857,3.0,5.0,0.625,9.0,14.0,0.6086956521739131,15.0,8.0,0.34782608695652173,0
9,2019-04-22,9,2,0.18181818181818182,10.0,11.0,0.5238095238095238,8.0,4.0,0.3333333333333333,20.0,5.0,0.2,17.0,6.0,0.2608695652173913,5.0,2.0,0.2857142857142857,3.0,5.0,0.625,9.0,14.0,0.6086956521739131,1
10,2019-04-18,17,5,0.22727272727272727,9.0,2.0,0.18181818181818182,10.0,11.0,0.5238095238095238,8.0,4.0,0.3333333333333333,20.0,5.0,0.2,17.0,6.0,0.2608695652173913,5.0,2.0,0.2857142857142857,3.0,5.0,0.625,0
11,2019-04-17,10,3,0.23076923076923078,17.0,5.0,0.22727272727272727,9.0,2.0,0.18181818181818182,10.0,11.0,0.5238095238095238,8.0,4.0,0.3333333333333333,20.0,5.0,0.2,17.0,6.0,0.2608695652173913,5.0,2.0,0.2857142857142857,1
12,2019-04-16,11,10,0.47619047619047616,10.0,3.0,0.23076923076923078,17.0,5.0,0.22727272727272727,9.0,2.0,0.18181818181818182,10.0,11.0,0.5238095238095238,8.0,4.0,0.3333333333333333,20.0,5.0,0.2,17.0,6.0,0.2608695652173913,0
13,2019-04-15,14,2,0.125,11.0,10.0,0.47619047619047616,10.0,3.0,0.23076923076923078,17.0,5.0,0.22727272727272727,9.0,2.0,0.18181818181818182,10.0,11.0,0.5238095238095238,8.0,4.0,0.3333333333333333,20.0,5.0,0.2,1
14,2019-04-12,11,11,0.5,14.0,2.0,0.125,11.0,10.0,0.47619047619047616,10.0,3.0,0.23076923076923078,17.0,5.0,0.22727272727272727,9.0,2.0,0.18181818181818182,10.0,11.0,0.5238095238095238,8.0,4.0,0.3333333333333333,0
15,2019-04-11,8,1,0.1111111111111111,11.0,11.0,0.5,14.0,2.0,0.125,11.0,10.0,0.47619047619047616,10.0,3.0,0.23076923076923078,17.0,5.0,0.22727272727272727,9.0,2.0,0.18181818181818182,10.0,11.0,0.5238095238095238,1
16,2019-04-10,16,2,0.1111111111111111,8.0,1.0,0.1111111111111111,11.0,11.0,0.5,14.0,2.0,0.125,11.0,10.0,0.47619047619047616,10.0,3.0,0.23076923076923078,17.0,5.0,0.22727272727272727,9.0,2.0,0.18181818181818182,0
17,2019-04-09,15,7,0.3181818181818182,16.0,2.0,0.1111111111111111,8.0,1.0,0.1111111111111111,11.0,11.0,0.5,14.0,2.0,0.125,11.0,10.0,0.47619047619047616,10.0,3.0,0.23076923076923078,17.0,5.0,0.22727272727272727,1
18,2019-04-08,14,11,0.44,15.0,7.0,0.3181818181818182,16.0,2.0,0.1111111111111111,8.0,1.0,0.1111111111111111,11.0,11.0,0.5,14.0,2.0,0.125,11.0,10.0,0.47619047619047616,10.0,3.0,0.23076923076923078,0
19,2019-04-05,20,10,0.3333333333333333,14.0,11.0,0.44,15.0,7.0,0.3181818181818182,16.0,2.0,0.1111111111111111,8.0,1.0,0.1111111111111111,11.0,11.0,0.5,14.0,2.0,0.125,11.0,10.0,0.47619047619047616,0
20,2019-04-04,19,14,0.42424242424242425,20.0,10.0,0.3333333333333333,14.0,11.0,0.44,15.0,7.0,0.3181818181818182,16.0,2.0,0.1111111111111111,8.0,1.0,0.1111111111111111,11.0,11.0,0.5,14.0,2.0,0.125,1
21,2019-04-03,14,10,0.4166666666666667,19.0,14.0,0.42424242424242425,20.0,10.0,0.3333333333333333,14.0,11.0,0.44,15.0,7.0,0.3181818181818182,16.0,2.0,0.1111111111111111,8.0,1.0,0.1111111111111111,11.0,11.0,0.5,1
22,2019-04-02,10,5,0.3333333333333333,14.0,10.0,0.4166666666666667,19.0,14.0,0.42424242424242425,20.0,10.0,0.3333333333333333,14.0,11.0,0.44,15.0,7.0,0.3181818181818182,16.0,2.0,0.1111111111111111,8.0,1.0,0.1111111111111111,1
23,2019-04-01,24,15,0.38461538461538464,10.0,5.0,0.3333333333333333,14.0,10.0,0.4166666666666667,19.0,14.0,0.42424242424242425,20.0,10.0,0.3333333333333333,14.0,11.0,0.44,15.0,7.0,0.3181818181818182,16.0,2.0,0.1111111111111111,0
24,2019-03-29,13,15,0.5357142857142857,24.0,15.0,0.38461538461538464,10.0,5.0,0.3333333333333333,14.0,10.0,0.4166666666666667,19.0,14.0,0.42424242424242425,20.0,10.0,0.3333333333333333,14.0,11.0,0.44,15.0,7.0,0.3181818181818182,1
25,2019-03-28,8,10,0.5555555555555556,13.0,15.0,0.5357142857142857,24.0,15.0,0.38461538461538464,10.0,5.0,0.3333333333333333,14.0,10.0,0.4166666666666667,19.0,14.0,0.42424242424242425,20.0,10.0,0.3333333333333333,14.0,11.0,0.44,1
26,2019-03-27,32,12,0.2727272727272727,8.0,10.0,0.5555555555555556,13.0,15.0,0.5357142857142857,24.0,15.0,0.38461538461538464,10.0,5.0,0.3333333333333333,14.0,10.0,0.4166666666666667,19.0,14.0,0.42424242424242425,20.0,10.0,0.3333333333333333,1
27,2019-03-26,18,10,0.35714285714285715,32.0,12.0,0.2727272727272727,8.0,10.0,0.5555555555555556,13.0,15.0,0.5357142857142857,24.0,15.0,0.38461538461538464,10.0,5.0,0.3333333333333333,14.0,10.0,0.4166666666666667,19.0,14.0,0.42424242424242425,0
28,2019-03-25,27,8,0.22857142857142856,18.0,10.0,0.35714285714285715,32.0,12.0,0.2727272727272727,8.0,10.0,0.5555555555555556,13.0,15.0,0.5357142857142857,24.0,15.0,0.38461538461538464,10.0,5.0,0.3333333333333333,14.0,10.0,0.4166666666666667,1
29,2019-03-22,39,15,0.2777777777777778,27.0,8.0,0.22857142857142856,18.0,10.0,0.35714285714285715,32.0,12.0,0.2727272727272727,8.0,10.0,0.5555555555555556,13.0,15.0,0.5357142857142857,24.0,15.0,0.38461538461538464,10.0,5.0,0.3333333333333333,1
30,2019-03-21,27,21,0.4375,39.0,15.0,0.2777777777777778,27.0,8.0,0.22857142857142856,18.0,10.0,0.35714285714285715,32.0,12.0,0.2727272727272727,8.0,10.0,0.5555555555555556,13.0,15.0,0.5357142857142857,24.0,15.0,0.38461538461538464,0
31,2019-03-20,16,11,0.4074074074074074,27.0,21.0,0.4375,39.0,15.0,0.2777777777777778,27.0,8.0,0.22857142857142856,18.0,10.0,0.35714285714285715,32.0,12.0,0.2727272727272727,8.0,10.0,0.5555555555555556,13.0,15.0,0.5357142857142857,1
32,2019-03-19,18,10,0.35714285714285715,16.0,11.0,0.4074074074074074,27.0,21.0,0.4375,39.0,15.0,0.2777777777777778,27.0,8.0,0.22857142857142856,18.0,10.0,0.35714285714285715,32.0,12.0,0.2727272727272727,8.0,10.0,0.5555555555555556,0
33,2019-03-18,9,12,0.5714285714285714,18.0,10.0,0.35714285714285715,16.0,11.0,0.4074074074074074,27.0,21.0,0.4375,39.0,15.0,0.2777777777777778,27.0,8.0,0.22857142857142856,18.0,10.0,0.35714285714285715,32.0,12.0,0.2727272727272727,0
34,2019-03-15,17,11,0.39285714285714285,9.0,12.0,0.5714285714285714,18.0,10.0,0.35714285714285715,16.0,11.0,0.4074074074074074,27.0,21.0,0.4375,39.0,15.0,0.2777777777777778,27.0,8.0,0.22857142857142856,18.0,10.0,0.35714285714285715,1
35,2019-03-14,12,5,0.29411764705882354,17.0,11.0,0.39285714285714285,9.0,12.0,0.5714285714285714,18.0,10.0,0.35714285714285715,16.0,11.0,0.4074074074074074,27.0,21.0,0.4375,39.0,15.0,0.2777777777777778,27.0,8.0,0.22857142857142856,1
36,2019-03-13,10,13,0.5652173913043478,12.0,5.0,0.29411764705882354,17.0,11.0,0.39285714285714285,9.0,12.0,0.5714285714285714,18.0,10.0,0.35714285714285715,16.0,11.0,0.4074074074074074,27.0,21.0,0.4375,39.0,15.0,0.2777777777777778,1
37,2019-03-12,7,0,0.0,10.0,13.0,0.5652173913043478,12.0,5.0,0.29411764705882354,17.0,11.0,0.39285714285714285,9.0,12.0,0.5714285714285714,18.0,10.0,0.35714285714285715,16.0,11.0,0.4074074074074074,27.0,21.0,0.4375,1
38,2019-03-11,32,14,0.30434782608695654,7.0,0.0,0.0,10.0,13.0,0.5652173913043478,12.0,5.0,0.29411764705882354,17.0,11.0,0.39285714285714285,9.0,12.0,0.5714285714285714,18.0,10.0,0.35714285714285715,16.0,11.0,0.4074074074074074,0
39,2019-03-08,23,11,0.3235294117647059,32.0,14.0,0.30434782608695654,7.0,0.0,0.0,10.0,13.0,0.5652173913043478,12.0,5.0,0.29411764705882354,17.0,11.0,0.39285714285714285,9.0,12.0,0.5714285714285714,18.0,10.0,0.35714285714285715,1
40,2019-03-07,21,6,0.2222222222222222,23.0,11.0,0.3235294117647059,32.0,14.0,0.30434782608695654,7.0,0.0,0.0,10.0,13.0,0.5652173913043478,12.0,5.0,0.29411764705882354,17.0,11.0,0.39285714285714285,9.0,12.0,0.5714285714285714,0
41,2019-03-06,23,9,0.28125,21.0,6.0,0.2222222222222222,23.0,11.0,0.3235294117647059,32.0,14.0,0.30434782608695654,7.0,0.0,0.0,10.0,13.0,0.5652173913043478,12.0,5.0,0.29411764705882354,17.0,11.0,0.39285714285714285,0
42,2019-03-05,20,17,0.4594594594594595,23.0,9.0,0.28125,21.0,6.0,0.2222222222222222,23.0,11.0,0.3235294117647059,32.0,14.0,0.30434782608695654,7.0,0.0,0.0,10.0,13.0,0.5652173913043478,12.0,5.0,0.29411764705882354,0
43,2019-03-04,50,20,0.2857142857142857,20.0,17.0,0.4594594594594595,23.0,9.0,0.28125,21.0,6.0,0.2222222222222222,23.0,11.0,0.3235294117647059,32.0,14.0,0.30434782608695654,7.0,0.0,0.0,10.0,13.0,0.5652173913043478,0
44,2019-03-01,16,10,0.38461538461538464,50.0,20.0,0.2857142857142857,20.0,17.0,0.4594594594594595,23.0,9.0,0.28125,21.0,6.0,0.2222222222222222,23.0,11.0,0.3235294117647059,32.0,14.0,0.30434782608695654,7.0,0.0,0.0,0
45,2019-02-28,18,8,0.3076923076923077,16.0,10.0,0.38461538461538464,50.0,20.0,0.2857142857142857,20.0,17.0,0.4594594594594595,23.0,9.0,0.28125,21.0,6.0,0.2222222222222222,23.0,11.0,0.3235294117647059,32.0,14.0,0.30434782608695654,1
46,2019-02-27,14,4,0.2222222222222222,18.0,8.0,0.3076923076923077,16.0,10.0,0.38461538461538464,50.0,20.0,0.2857142857142857,20.0,17.0,0.4594594594594595,23.0,9.0,0.28125,21.0,6.0,0.2222222222222222,23.0,11.0,0.3235294117647059,0
47,2019-02-26,9,10,0.5263157894736842,14.0,4.0,0.2222222222222222,18.0,8.0,0.3076923076923077,16.0,10.0,0.38461538461538464,50.0,20.0,0.2857142857142857,20.0,17.0,0.4594594594594595,23.0,9.0,0.28125,21.0,6.0,0.2222222222222222,0
48,2019-02-25,22,7,0.2413793103448276,9.0,10.0,0.5263157894736842,14.0,4.0,0.2222222222222222,18.0,8.0,0.3076923076923077,16.0,10.0,0.38461538461538464,50.0,20.0,0.2857142857142857,20.0,17.0,0.4594594594594595,23.0,9.0,0.28125,0
49,2019-02-22,20,11,0.3548387096774194,22.0,7.0,0.2413793103448276,9.0,10.0,0.5263157894736842,14.0,4.0,0.2222222222222222,18.0,8.0,0.3076923076923077,16.0,10.0,0.38461538461538464,50.0,20.0,0.2857142857142857,20.0,17.0,0.4594594594594595,1
50,2019-02-21,9,10,0.5263157894736842,20.0,11.0,0.3548387096774194,22.0,7.0,0.2413793103448276,9.0,10.0,0.5263157894736842,14.0,4.0,0.2222222222222222,18.0,8.0,0.3076923076923077,16.0,10.0,0.38461538461538464,50.0,20.0,0.2857142857142857,1
51,2019-02-20,23,16,0.41025641025641024,9.0,10.0,0.5263157894736842,20.0,11.0,0.3548387096774194,22.0,7.0,0.2413793103448276,9.0,10.0,0.5263157894736842,14.0,4.0,0.2222222222222222,18.0,8.0,0.3076923076923077,16.0,10.0,0.38461538461538464,0
52,2019-02-19,21,12,0.36363636363636365,23.0,16.0,0.41025641025641024,9.0,10.0,0.5263157894736842,20.0,11.0,0.3548387096774194,22.0,7.0,0.2413793103448276,9.0,10.0,0.5263157894736842,14.0,4.0,0.2222222222222222,18.0,8.0,0.3076923076923077,1
53,2019-02-15,41,24,0.36923076923076925,21.0,12.0,0.36363636363636365,23.0,16.0,0.41025641025641024,9.0,10.0,0.5263157894736842,20.0,11.0,0.3548387096774194,22.0,7.0,0.2413793103448276,9.0,10.0,0.5263157894736842,14.0,4.0,0.2222222222222222,1
54,2019-02-14,34,16,0.32,41.0,24.0,0.36923076923076925,21.0,12.0,0.36363636363636365,23.0,16.0,0.41025641025641024,9.0,10.0,0.5263157894736842,20.0,11.0,0.3548387096774194,22.0,7.0,0.2413793103448276,9.0,10.0,0.5263157894736842,1
55,2019-02-13,15,10,0.4,34.0,16.0,0.32,41.0,24.0,0.36923076923076925,21.0,12.0,0.36363636363636365,23.0,16.0,0.41025641025641024,9.0,10.0,0.5263157894736842,20.0,11.0,0.3548387096774194,22.0,7.0,0.2413793103448276,0
56,2019-02-12,23,20,0.46511627906976744,15.0,10.0,0.4,34.0,16.0,0.32,41.0,24.0,0.36923076923076925,21.0,12.0,0.36363636363636365,23.0,16.0,0.41025641025641024,9.0,10.0,0.5263157894736842,20.0,11.0,0.3548387096774194,1
57,2019-02-11,18,7,0.28,23.0,20.0,0.46511627906976744,15.0,10.0,0.4,34.0,16.0,0.32,41.0,24.0,0.36923076923076925,21.0,12.0,0.36363636363636365,23.0,16.0,0.41025641025641024,9.0,10.0,0.5263157894736842,1
58,2019-02-08,24,14,0.3684210526315789,18.0,7.0,0.28,23.0,20.0,0.46511627906976744,15.0,10.0,0.4,34.0,16.0,0.32,41.0,24.0,0.36923076923076925,21.0,12.0,0.36363636363636365,23.0,16.0,0.41025641025641024,0
59,2019-02-07,28,15,0.3488372093023256,24.0,14.0,0.3684210526315789,18.0,7.0,0.28,23.0,20.0,0.46511627906976744,15.0,10.0,0.4,34.0,16.0,0.32,41.0,24.0,0.36923076923076925,21.0,12.0,0.36363636363636365,0
60,2019-02-06,19,11,0.36666666666666664,28.0,15.0,0.3488372093023256,24.0,14.0,0.3684210526315789,18.0,7.0,0.28,23.0,20.0,0.46511627906976744,15.0,10.0,0.4,34.0,16.0,0.32,41.0,24.0,0.36923076923076925,0
61,2019-02-05,20,8,0.2857142857142857,19.0,11.0,0.36666666666666664,28.0,15.0,0.3488372093023256,24.0,14.0,0.3684210526315789,18.0,7.0,0.28,23.0,20.0,0.46511627906976744,15.0,10.0,0.4,34.0,16.0,0.32,0
62,2019-02-04,14,7,0.3333333333333333,20.0,8.0,0.2857142857142857,19.0,11.0,0.36666666666666664,28.0,15.0,0.3488372093023256,24.0,14.0,0.3684210526315789,18.0,7.0,0.28,23.0,20.0,0.46511627906976744,15.0,10.0,0.4,1
63,2019-02-01,14,14,0.5,14.0,7.0,0.3333333333333333,20.0,8.0,0.2857142857142857,19.0,11.0,0.36666666666666664,28.0,15.0,0.3488372093023256,24.0,14.0,0.3684210526315789,18.0,7.0,0.28,23.0,20.0,0.46511627906976744,1
64,2019-01-31,15,6,0.2857142857142857,14.0,14.0,0.5,14.0,7.0,0.3333333333333333,20.0,8.0,0.2857142857142857,19.0,11.0,0.36666666666666664,28.0,15.0,0.3488372093023256,24.0,14.0,0.3684210526315789,18.0,7.0,0.28,1
65,2019-01-30,32,13,0.28888888888888886,15.0,6.0,0.2857142857142857,14.0,14.0,0.5,14.0,7.0,0.3333333333333333,20.0,8.0,0.2857142857142857,19.0,11.0,0.36666666666666664,28.0,15.0,0.3488372093023256,24.0,14.0,0.3684210526315789,0
66,2019-01-29,20,6,0.23076923076923078,32.0,13.0,0.28888888888888886,15.0,6.0,0.2857142857142857,14.0,14.0,0.5,14.0,7.0,0.3333333333333333,20.0,8.0,0.2857142857142857,19.0,11.0,0.36666666666666664,28.0,15.0,0.3488372093023256,1
67,2019-01-28,23,10,0.30303030303030304,20.0,6.0,0.23076923076923078,32.0,13.0,0.28888888888888886,15.0,6.0,0.2857142857142857,14.0,14.0,0.5,14.0,7.0,0.3333333333333333,20.0,8.0,0.2857142857142857,19.0,11.0,0.36666666666666664,1
68,2019-01-25,20,3,0.13043478260869565,23.0,10.0,0.30303030303030304,20.0,6.0,0.23076923076923078,32.0,13.0,0.28888888888888886,15.0,6.0,0.2857142857142857,14.0,14.0,0.5,14.0,7.0,0.3333333333333333,20.0,8.0,0.2857142857142857,0
69,2019-01-24,16,3,0.15789473684210525,20.0,3.0,0.13043478260869565,23.0,10.0,0.30303030303030304,20.0,6.0,0.23076923076923078,32.0,13.0,0.28888888888888886,15.0,6.0,0.2857142857142857,14.0,14.0,0.5,14.0,7.0,0.3333333333333333,1
70,2019-01-23,22,6,0.21428571428571427,16.0,3.0,0.15789473684210525,20.0,3.0,0.13043478260869565,23.0,10.0,0.30303030303030304,20.0,6.0,0.23076923076923078,32.0,13.0,0.28888888888888886,15.0,6.0,0.2857142857142857,14.0,14.0,0.5,0
71,2019-01-22,18,12,0.4,22.0,6.0,0.21428571428571427,16.0,3.0,0.15789473684210525,20.0,3.0,0.13043478260869565,23.0,10.0,0.30303030303030304,20.0,6.0,0.23076923076923078,32.0,13.0,0.28888888888888886,15.0,6.0,0.2857142857142857,1
72,2019-01-18,40,12,0.23076923076923078,18.0,12.0,0.4,22.0,6.0,0.21428571428571427,16.0,3.0,0.15789473684210525,20.0,3.0,0.13043478260869565,23.0,10.0,0.30303030303030304,20.0,6.0,0.23076923076923078,32.0,13.0,0.28888888888888886,0
73,2019-01-17,45,21,0.3181818181818182,40.0,12.0,0.23076923076923078,18.0,12.0,0.4,22.0,6.0,0.21428571428571427,16.0,3.0,0.15789473684210525,20.0,3.0,0.13043478260869565,23.0,10.0,0.30303030303030304,20.0,6.0,0.23076923076923078,1
74,2019-01-16,45,6,0.11764705882352941,45.0,21.0,0.3181818181818182,40.0,12.0,0.23076923076923078,18.0,12.0,0.4,22.0,6.0,0.21428571428571427,16.0,3.0,0.15789473684210525,20.0,3.0,0.13043478260869565,23.0,10.0,0.30303030303030304,1
75,2019-01-15,14,2,0.125,45.0,6.0,0.11764705882352941,45.0,21.0,0.3181818181818182,40.0,12.0,0.23076923076923078,18.0,12.0,0.4,22.0,6.0,0.21428571428571427,16.0,3.0,0.15789473684210525,20.0,3.0,0.13043478260869565,1
76,2019-01-14,24,6,0.2,14.0,2.0,0.125,45.0,6.0,0.11764705882352941,45.0,21.0,0.3181818181818182,40.0,12.0,0.23076923076923078,18.0,12.0,0.4,22.0,6.0,0.21428571428571427,16.0,3.0,0.15789473684210525,1
77,2019-01-11,20,5,0.2,24.0,6.0,0.2,14.0,2.0,0.125,45.0,6.0,0.11764705882352941,45.0,21.0,0.3181818181818182,40.0,12.0,0.23076923076923078,18.0,12.0,0.4,22.0,6.0,0.21428571428571427,0
78,2019-01-10,46,18,0.28125,20.0,5.0,0.2,24.0,6.0,0.2,14.0,2.0,0.125,45.0,6.0,0.11764705882352941,45.0,21.0,0.3181818181818182,40.0,12.0,0.23076923076923078,18.0,12.0,0.4,0
79,2019-01-09,36,21,0.3684210526315789,46.0,18.0,0.28125,20.0,5.0,0.2,24.0,6.0,0.2,14.0,2.0,0.125,45.0,6.0,0.11764705882352941,45.0,21.0,0.3181818181818182,40.0,12.0,0.23076923076923078,1
80,2019-01-08,32,6,0.15789473684210525,36.0,21.0,0.3684210526315789,46.0,18.0,0.28125,20.0,5.0,0.2,24.0,6.0,0.2,14.0,2.0,0.125,45.0,6.0,0.11764705882352941,45.0,21.0,0.3181818181818182,1
81,2019-01-07,15,8,0.34782608695652173,32.0,6.0,0.15789473684210525,36.0,21.0,0.3684210526315789,46.0,18.0,0.28125,20.0,5.0,0.2,24.0,6.0,0.2,14.0,2.0,0.125,45.0,6.0,0.11764705882352941,1
82,2019-01-04,52,27,0.34177215189873417,15.0,8.0,0.34782608695652173,32.0,6.0,0.15789473684210525,36.0,21.0,0.3684210526315789,46.0,18.0,0.28125,20.0,5.0,0.2,24.0,6.0,0.2,14.0,2.0,0.125,1
83,2019-01-03,47,22,0.3188405797101449,52.0,27.0,0.34177215189873417,15.0,8.0,0.34782608695652173,32.0,6.0,0.15789473684210525,36.0,21.0,0.3684210526315789,46.0,18.0,0.28125,20.0,5.0,0.2,24.0,6.0,0.2,1
84,2019-01-02,44,25,0.36231884057971014,47.0,22.0,0.3188405797101449,52.0,27.0,0.34177215189873417,15.0,8.0,0.34782608695652173,32.0,6.0,0.15789473684210525,36.0,21.0,0.3684210526315789,46.0,18.0,0.28125,20.0,5.0,0.2,0
85,2018-12-31,40,13,0.24528301886792453,44.0,25.0,0.36231884057971014,47.0,22.0,0.3188405797101449,52.0,27.0,0.34177215189873417,15.0,8.0,0.34782608695652173,32.0,6.0,0.15789473684210525,36.0,21.0,0.3684210526315789,46.0,18.0,0.28125,1
86,2018-12-28,82,33,0.28695652173913044,40.0,13.0,0.24528301886792453,44.0,25.0,0.36231884057971014,47.0,22.0,0.3188405797101449,52.0,27.0,0.34177215189873417,15.0,8.0,0.34782608695652173,32.0,6.0,0.15789473684210525,36.0,21.0,0.3684210526315789,1
87,2018-12-27,105,57,0.35185185185185186,82.0,33.0,0.28695652173913044,40.0,13.0,0.24528301886792453,44.0,25.0,0.36231884057971014,47.0,22.0,0.3188405797101449,52.0,27.0,0.34177215189873417,15.0,8.0,0.34782608695652173,32.0,6.0,0.15789473684210525,0
88,2018-12-26,116,55,0.3216374269005848,105.0,57.0,0.35185185185185186,82.0,33.0,0.28695652173913044,40.0,13.0,0.24528301886792453,44.0,25.0,0.36231884057971014,47.0,22.0,0.3188405797101449,52.0,27.0,0.34177215189873417,15.0,8.0,0.34782608695652173,1
89,2018-12-24,78,46,0.3709677419354839,116.0,55.0,0.3216374269005848,105.0,57.0,0.35185185185185186,82.0,33.0,0.28695652173913044,40.0,13.0,0.24528301886792453,44.0,25.0,0.36231884057971014,47.0,22.0,0.3188405797101449,52.0,27.0,0.34177215189873417,1
90,2018-12-21,58,31,0.34831460674157305,78.0,46.0,0.3709677419354839,116.0,55.0,0.3216374269005848,105.0,57.0,0.35185185185185186,82.0,33.0,0.28695652173913044,40.0,13.0,0.24528301886792453,44.0,25.0,0.36231884057971014,47.0,22.0,0.3188405797101449,0
91,2018-12-20,64,33,0.3402061855670103,58.0,31.0,0.34831460674157305,78.0,46.0,0.3709677419354839,116.0,55.0,0.3216374269005848,105.0,57.0,0.35185185185185186,82.0,33.0,0.28695652173913044,40.0,13.0,0.24528301886792453,44.0,25.0,0.36231884057971014,0
92,2018-12-19,69,35,0.33653846153846156,64.0,33.0,0.3402061855670103,58.0,31.0,0.34831460674157305,78.0,46.0,0.3709677419354839,116.0,55.0,0.3216374269005848,105.0,57.0,0.35185185185185186,82.0,33.0,0.28695652173913044,40.0,13.0,0.24528301886792453,0
93,2018-12-18,57,22,0.27848101265822783,69.0,35.0,0.33653846153846156,64.0,33.0,0.3402061855670103,58.0,31.0,0.34831460674157305,78.0,46.0,0.3709677419354839,116.0,55.0,0.3216374269005848,105.0,57.0,0.35185185185185186,82.0,33.0,0.28695652173913044,0
94,2018-12-17,52,28,0.35,57.0,22.0,0.27848101265822783,69.0,35.0,0.33653846153846156,64.0,33.0,0.3402061855670103,58.0,31.0,0.34831460674157305,78.0,46.0,0.3709677419354839,116.0,55.0,0.3216374269005848,105.0,57.0,0.35185185185185186,1
95,2018-12-14,40,11,0.21568627450980393,52.0,28.0,0.35,57.0,22.0,0.27848101265822783,69.0,35.0,0.33653846153846156,64.0,33.0,0.3402061855670103,58.0,31.0,0.34831460674157305,78.0,46.0,0.3709677419354839,116.0,55.0,0.3216374269005848,0
96,2018-12-13,22,17,0.4358974358974359,40.0,11.0,0.21568627450980393,52.0,28.0,0.35,57.0,22.0,0.27848101265822783,69.0,35.0,0.33653846153846156,64.0,33.0,0.3402061855670103,58.0,31.0,0.34831460674157305,78.0,46.0,0.3709677419354839,0
97,2018-12-12,24,15,0.38461538461538464,22.0,17.0,0.4358974358974359,40.0,11.0,0.21568627450980393,52.0,28.0,0.35,57.0,22.0,0.27848101265822783,69.0,35.0,0.33653846153846156,64.0,33.0,0.3402061855670103,58.0,31.0,0.34831460674157305,1
98,2018-12-11,39,24,0.38095238095238093,24.0,15.0,0.38461538461538464,22.0,17.0,0.4358974358974359,40.0,11.0,0.21568627450980393,52.0,28.0,0.35,57.0,22.0,0.27848101265822783,69.0,35.0,0.33653846153846156,64.0,33.0,0.3402061855670103,1
99,2018-12-10,51,9,0.15,39.0,24.0,0.38095238095238093,24.0,15.0,0.38461538461538464,22.0,17.0,0.4358974358974359,40.0,11.0,0.21568627450980393,52.0,28.0,0.35,57.0,22.0,0.27848101265822783,69.0,35.0,0.33653846153846156,0
100,2018-12-07,37,13,0.26,51.0,9.0,0.15,39.0,24.0,0.38095238095238093,24.0,15.0,0.38461538461538464,22.0,17.0,0.4358974358974359,40.0,11.0,0.21568627450980393,52.0,28.0,0.35,57.0,22.0,0.27848101265822783,1
101,2018-12-06,61,27,0.3068181818181818,37.0,13.0,0.26,51.0,9.0,0.15,39.0,24.0,0.38095238095238093,24.0,15.0,0.38461538461538464,22.0,17.0,0.4358974358974359,40.0,11.0,0.21568627450980393,52.0,28.0,0.35,0
102,2018-12-04,45,22,0.3283582089552239,61.0,27.0,0.3068181818181818,37.0,13.0,0.26,51.0,9.0,0.15,39.0,24.0,0.38095238095238093,24.0,15.0,0.38461538461538464,22.0,17.0,0.4358974358974359,40.0,11.0,0.21568627450980393,0
103,2018-12-03,21,10,0.3225806451612903,45.0,22.0,0.3283582089552239,61.0,27.0,0.3068181818181818,37.0,13.0,0.26,51.0,9.0,0.15,39.0,24.0,0.38095238095238093,24.0,15.0,0.38461538461538464,22.0,17.0,0.4358974358974359,0
104,2018-11-30,6,10,0.625,21.0,10.0,0.3225806451612903,45.0,22.0,0.3283582089552239,61.0,27.0,0.3068181818181818,37.0,13.0,0.26,51.0,9.0,0.15,39.0,24.0,0.38095238095238093,24.0,15.0,0.38461538461538464,1
105,2018-11-29,16,6,0.2727272727272727,6.0,10.0,0.625,21.0,10.0,0.3225806451612903,45.0,22.0,0.3283582089552239,61.0,27.0,0.3068181818181818,37.0,13.0,0.26,51.0,9.0,0.15,39.0,24.0,0.38095238095238093,1
106,2018-11-28,23,19,0.4523809523809524,16.0,6.0,0.2727272727272727,6.0,10.0,0.625,21.0,10.0,0.3225806451612903,45.0,22.0,0.3283582089552239,61.0,27.0,0.3068181818181818,37.0,13.0,0.26,51.0,9.0,0.15,0
107,2018-11-27,9,7,0.4375,23.0,19.0,0.4523809523809524,16.0,6.0,0.2727272727272727,6.0,10.0,0.625,21.0,10.0,0.3225806451612903,45.0,22.0,0.3283582089552239,61.0,27.0,0.3068181818181818,37.0,13.0,0.26,1
108,2018-11-26,12,5,0.29411764705882354,9.0,7.0,0.4375,23.0,19.0,0.4523809523809524,16.0,6.0,0.2727272727272727,6.0,10.0,0.625,21.0,10.0,0.3225806451612903,45.0,22.0,0.3283582089552239,61.0,27.0,0.3068181818181818,1
109,2018-11-23,11,7,0.3888888888888889,12.0,5.0,0.29411764705882354,9.0,7.0,0.4375,23.0,19.0,0.4523809523809524,16.0,6.0,0.2727272727272727,6.0,10.0,0.625,21.0,10.0,0.3225806451612903,45.0,22.0,0.3283582089552239,1
110,2018-11-21,23,9,0.28125,11.0,7.0,0.3888888888888889,12.0,5.0,0.29411764705882354,9.0,7.0,0.4375,23.0,19.0,0.4523809523809524,16.0,6.0,0.2727272727272727,6.0,10.0,0.625,21.0,10.0,0.3225806451612903,0
111,2018-11-20,51,19,0.2714285714285714,23.0,9.0,0.28125,11.0,7.0,0.3888888888888889,12.0,5.0,0.29411764705882354,9.0,7.0,0.4375,23.0,19.0,0.4523809523809524,16.0,6.0,0.2727272727272727,6.0,10.0,0.625,0
112,2018-11-19,53,16,0.2318840579710145,51.0,19.0,0.2714285714285714,23.0,9.0,0.28125,11.0,7.0,0.3888888888888889,12.0,5.0,0.29411764705882354,9.0,7.0,0.4375,23.0,19.0,0.4523809523809524,16.0,6.0,0.2727272727272727,0
113,2018-11-16,13,11,0.4583333333333333,53.0,16.0,0.2318840579710145,51.0,19.0,0.2714285714285714,23.0,9.0,0.28125,11.0,7.0,0.3888888888888889,12.0,5.0,0.29411764705882354,9.0,7.0,0.4375,23.0,19.0,0.4523809523809524,0
114,2018-11-15,40,15,0.2727272727272727,13.0,11.0,0.4583333333333333,53.0,16.0,0.2318840579710145,51.0,19.0,0.2714285714285714,23.0,9.0,0.28125,11.0,7.0,0.3888888888888889,12.0,5.0,0.29411764705882354,9.0,7.0,0.4375,1
115,2018-11-14,66,33,0.3333333333333333,40.0,15.0,0.2727272727272727,13.0,11.0,0.4583333333333333,53.0,16.0,0.2318840579710145,51.0,19.0,0.2714285714285714,23.0,9.0,0.28125,11.0,7.0,0.3888888888888889,12.0,5.0,0.29411764705882354,1
116,2018-11-13,47,16,0.25396825396825395,66.0,33.0,0.3333333333333333,40.0,15.0,0.2727272727272727,13.0,11.0,0.4583333333333333,53.0,16.0,0.2318840579710145,51.0,19.0,0.2714285714285714,23.0,9.0,0.28125,11.0,7.0,0.3888888888888889,0
117,2018-11-12,17,5,0.22727272727272727,47.0,16.0,0.25396825396825395,66.0,33.0,0.3333333333333333,40.0,15.0,0.2727272727272727,13.0,11.0,0.4583333333333333,53.0,16.0,0.2318840579710145,51.0,19.0,0.2714285714285714,23.0,9.0,0.28125,0
118,2018-11-09,25,9,0.2647058823529412,17.0,5.0,0.22727272727272727,47.0,16.0,0.25396825396825395,66.0,33.0,0.3333333333333333,40.0,15.0,0.2727272727272727,13.0,11.0,0.4583333333333333,53.0,16.0,0.2318840579710145,51.0,19.0,0.2714285714285714,0
119,2018-11-08,8,3,0.2727272727272727,25.0,9.0,0.2647058823529412,17.0,5.0,0.22727272727272727,47.0,16.0,0.25396825396825395,66.0,33.0,0.3333333333333333,40.0,15.0,0.2727272727272727,13.0,11.0,0.4583333333333333,53.0,16.0,0.2318840579710145,0
120,2018-11-07,11,6,0.35294117647058826,8.0,3.0,0.2727272727272727,25.0,9.0,0.2647058823529412,17.0,5.0,0.22727272727272727,47.0,16.0,0.25396825396825395,66.0,33.0,0.3333333333333333,40.0,15.0,0.2727272727272727,13.0,11.0,0.4583333333333333,1
121,2018-11-06,12,7,0.3684210526315789,11.0,6.0,0.35294117647058826,8.0,3.0,0.2727272727272727,25.0,9.0,0.2647058823529412,17.0,5.0,0.22727272727272727,47.0,16.0,0.25396825396825395,66.0,33.0,0.3333333333333333,40.0,15.0,0.2727272727272727,1
122,2018-11-05,20,5,0.2,12.0,7.0,0.3684210526315789,11.0,6.0,0.35294117647058826,8.0,3.0,0.2727272727272727,25.0,9.0,0.2647058823529412,17.0,5.0,0.22727272727272727,47.0,16.0,0.25396825396825395,66.0,33.0,0.3333333333333333,1
123,2018-11-02,41,14,0.2545454545454545,20.0,5.0,0.2,12.0,7.0,0.3684210526315789,11.0,6.0,0.35294117647058826,8.0,3.0,0.2727272727272727,25.0,9.0,0.2647058823529412,17.0,5.0,0.22727272727272727,47.0,16.0,0.25396825396825395,1
124,2018-11-01,21,4,0.16,41.0,14.0,0.2545454545454545,20.0,5.0,0.2,12.0,7.0,0.3684210526315789,11.0,6.0,0.35294117647058826,8.0,3.0,0.2727272727272727,25.0,9.0,0.2647058823529412,17.0,5.0,0.22727272727272727,0
125,2018-10-31,15,15,0.5,21.0,4.0,0.16,41.0,14.0,0.2545454545454545,20.0,5.0,0.2,12.0,7.0,0.3684210526315789,11.0,6.0,0.35294117647058826,8.0,3.0,0.2727272727272727,25.0,9.0,0.2647058823529412,1
126,2018-10-30,20,20,0.5,15.0,15.0,0.5,21.0,4.0,0.16,41.0,14.0,0.2545454545454545,20.0,5.0,0.2,12.0,7.0,0.3684210526315789,11.0,6.0,0.35294117647058826,8.0,3.0,0.2727272727272727,1
127,2018-10-29,39,16,0.2909090909090909,20.0,20.0,0.5,15.0,15.0,0.5,21.0,4.0,0.16,41.0,14.0,0.2545454545454545,20.0,5.0,0.2,12.0,7.0,0.3684210526315789,11.0,6.0,0.35294117647058826,1
128,2018-10-26,46,38,0.4523809523809524,39.0,16.0,0.2909090909090909,20.0,20.0,0.5,15.0,15.0,0.5,21.0,4.0,0.16,41.0,14.0,0.2545454545454545,20.0,5.0,0.2,12.0,7.0,0.3684210526315789,0
129,2018-10-25,33,18,0.35294117647058826,46.0,38.0,0.4523809523809524,39.0,16.0,0.2909090909090909,20.0,20.0,0.5,15.0,15.0,0.5,21.0,4.0,0.16,41.0,14.0,0.2545454545454545,20.0,5.0,0.2,0
130,2018-10-24,51,31,0.3780487804878049,33.0,18.0,0.35294117647058826,46.0,38.0,0.4523809523809524,39.0,16.0,0.2909090909090909,20.0,20.0,0.5,15.0,15.0,0.5,21.0,4.0,0.16,41.0,14.0,0.2545454545454545,1
131,2018-10-23,29,21,0.42,51.0,31.0,0.3780487804878049,33.0,18.0,0.35294117647058826,46.0,38.0,0.4523809523809524,39.0,16.0,0.2909090909090909,20.0,20.0,0.5,15.0,15.0,0.5,21.0,4.0,0.16,0
132,2018-10-22,21,7,0.25,29.0,21.0,0.42,51.0,31.0,0.3780487804878049,33.0,18.0,0.35294117647058826,46.0,38.0,0.4523809523809524,39.0,16.0,0.2909090909090909,20.0,20.0,0.5,15.0,15.0,0.5,0
133,2018-10-19,30,11,0.2682926829268293,21.0,7.0,0.25,29.0,21.0,0.42,51.0,31.0,0.3780487804878049,33.0,18.0,0.35294117647058826,46.0,38.0,0.4523809523809524,39.0,16.0,0.2909090909090909,20.0,20.0,0.5,0
134,2018-10-18,38,8,0.17391304347826086,30.0,11.0,0.2682926829268293,21.0,7.0,0.25,29.0,21.0,0.42,51.0,31.0,0.3780487804878049,33.0,18.0,0.35294117647058826,46.0,38.0,0.4523809523809524,39.0,16.0,0.2909090909090909,1
135,2018-10-17,19,7,0.2692307692307692,38.0,8.0,0.17391304347826086,30.0,11.0,0.2682926829268293,21.0,7.0,0.25,29.0,21.0,0.42,51.0,31.0,0.3780487804878049,33.0,18.0,0.35294117647058826,46.0,38.0,0.4523809523809524,0
136,2018-10-16,25,4,0.13793103448275862,19.0,7.0,0.2692307692307692,38.0,8.0,0.17391304347826086,30.0,11.0,0.2682926829268293,21.0,7.0,0.25,29.0,21.0,0.42,51.0,31.0,0.3780487804878049,33.0,18.0,0.35294117647058826,0
137,2018-10-15,53,20,0.273972602739726,25.0,4.0,0.13793103448275862,19.0,7.0,0.2692307692307692,38.0,8.0,0.17391304347826086,30.0,11.0,0.2682926829268293,21.0,7.0,0.25,29.0,21.0,0.42,51.0,31.0,0.3780487804878049,1
138,2018-10-12,43,15,0.25862068965517243,53.0,20.0,0.273972602739726,25.0,4.0,0.13793103448275862,19.0,7.0,0.2692307692307692,38.0,8.0,0.17391304347826086,30.0,11.0,0.2682926829268293,21.0,7.0,0.25,29.0,21.0,0.42,0
139,2018-10-11,65,30,0.3157894736842105,43.0,15.0,0.25862068965517243,53.0,20.0,0.273972602739726,25.0,4.0,0.13793103448275862,19.0,7.0,0.2692307692307692,38.0,8.0,0.17391304347826086,30.0,11.0,0.2682926829268293,21.0,7.0,0.25,1
140,2018-10-10,34,22,0.39285714285714285,65.0,30.0,0.3157894736842105,43.0,15.0,0.25862068965517243,53.0,20.0,0.273972602739726,25.0,4.0,0.13793103448275862,19.0,7.0,0.2692307692307692,38.0,8.0,0.17391304347826086,30.0,11.0,0.2682926829268293,0
141,2018-10-09,12,7,0.3684210526315789,34.0,22.0,0.39285714285714285,65.0,30.0,0.3157894736842105,43.0,15.0,0.25862068965517243,53.0,20.0,0.273972602739726,25.0,4.0,0.13793103448275862,19.0,7.0,0.2692307692307692,38.0,8.0,0.17391304347826086,0
142,2018-10-08,11,8,0.42105263157894735,12.0,7.0,0.3684210526315789,34.0,22.0,0.39285714285714285,65.0,30.0,0.3157894736842105,43.0,15.0,0.25862068965517243,53.0,20.0,0.273972602739726,25.0,4.0,0.13793103448275862,19.0,7.0,0.2692307692307692,0
143,2018-10-05,9,5,0.35714285714285715,11.0,8.0,0.42105263157894735,12.0,7.0,0.3684210526315789,34.0,22.0,0.39285714285714285,65.0,30.0,0.3157894736842105,43.0,15.0,0.25862068965517243,53.0,20.0,0.273972602739726,25.0,4.0,0.13793103448275862,1
144,2018-10-04,6,5,0.45454545454545453,9.0,5.0,0.35714285714285715,11.0,8.0,0.42105263157894735,12.0,7.0,0.3684210526315789,34.0,22.0,0.39285714285714285,65.0,30.0,0.3157894736842105,43.0,15.0,0.25862068965517243,53.0,20.0,0.273972602739726,0
145,2018-10-03,2,10,0.8333333333333334,6.0,5.0,0.45454545454545453,9.0,5.0,0.35714285714285715,11.0,8.0,0.42105263157894735,12.0,7.0,0.3684210526315789,34.0,22.0,0.39285714285714285,65.0,30.0,0.3157894736842105,43.0,15.0,0.25862068965517243,0
146,2018-10-02,16,5,0.23809523809523808,2.0,10.0,0.8333333333333334,6.0,5.0,0.45454545454545453,9.0,5.0,0.35714285714285715,11.0,8.0,0.42105263157894735,12.0,7.0,0.3684210526315789,34.0,22.0,0.39285714285714285,65.0,30.0,0.3157894736842105,1
147,2018-10-01,5,1,0.16666666666666666,16.0,5.0,0.23809523809523808,2.0,10.0,0.8333333333333334,6.0,5.0,0.45454545454545453,9.0,5.0,0.35714285714285715,11.0,8.0,0.42105263157894735,12.0,7.0,0.3684210526315789,34.0,22.0,0.39285714285714285,1
148,2018-09-28,8,2,0.2,5.0,1.0,0.16666666666666666,16.0,5.0,0.23809523809523808,2.0,10.0,0.8333333333333334,6.0,5.0,0.45454545454545453,9.0,5.0,0.35714285714285715,11.0,8.0,0.42105263157894735,12.0,7.0,0.3684210526315789,1
149,2018-09-27,1,1,0.5,8.0,2.0,0.2,5.0,1.0,0.16666666666666666,16.0,5.0,0.23809523809523808,2.0,10.0,0.8333333333333334,6.0,5.0,0.45454545454545453,9.0,5.0,0.35714285714285715,11.0,8.0,0.42105263157894735,1
150,2018-09-26,9,1,0.1,1.0,1.0,0.5,8.0,2.0,0.2,5.0,1.0,0.16666666666666666,16.0,5.0,0.23809523809523808,2.0,10.0,0.8333333333333334,6.0,5.0,0.45454545454545453,9.0,5.0,0.35714285714285715,1
151,2018-09-25,9,1,0.1,9.0,1.0,0.1,1.0,1.0,0.5,8.0,2.0,0.2,5.0,1.0,0.16666666666666666,16.0,5.0,0.23809523809523808,2.0,10.0,0.8333333333333334,6.0,5.0,0.45454545454545453,0
152,2018-09-24,12,4,0.25,9.0,1.0,0.1,9.0,1.0,0.1,1.0,1.0,0.5,8.0,2.0,0.2,5.0,1.0,0.16666666666666666,16.0,5.0,0.23809523809523808,2.0,10.0,0.8333333333333334,0
153,2018-09-21,9,6,0.4,12.0,4.0,0.25,9.0,1.0,0.1,9.0,1.0,0.1,1.0,1.0,0.5,8.0,2.0,0.2,5.0,1.0,0.16666666666666666,16.0,5.0,0.23809523809523808,0
154,2018-09-20,16,8,0.3333333333333333,9.0,6.0,0.4,12.0,4.0,0.25,9.0,1.0,0.1,9.0,1.0,0.1,1.0,1.0,0.5,8.0,2.0,0.2,5.0,1.0,0.16666666666666666,1
155,2018-09-19,8,5,0.38461538461538464,16.0,8.0,0.3333333333333333,9.0,6.0,0.4,12.0,4.0,0.25,9.0,1.0,0.1,9.0,1.0,0.1,1.0,1.0,0.5,8.0,2.0,0.2,1
156,2018-09-18,8,10,0.5555555555555556,8.0,5.0,0.38461538461538464,16.0,8.0,0.3333333333333333,9.0,6.0,0.4,12.0,4.0,0.25,9.0,1.0,0.1,9.0,1.0,0.1,1.0,1.0,0.5,1
157,2018-09-17,8,3,0.2727272727272727,8.0,10.0,0.5555555555555556,8.0,5.0,0.38461538461538464,16.0,8.0,0.3333333333333333,9.0,6.0,0.4,12.0,4.0,0.25,9.0,1.0,0.1,9.0,1.0,0.1,1
158,2018-09-14,3,3,0.5,8.0,3.0,0.2727272727272727,8.0,10.0,0.5555555555555556,8.0,5.0,0.38461538461538464,16.0,8.0,0.3333333333333333,9.0,6.0,0.4,12.0,4.0,0.25,9.0,1.0,0.1,0
159,2018-09-13,10,1,0.09090909090909091,3.0,3.0,0.5,8.0,3.0,0.2727272727272727,8.0,10.0,0.5555555555555556,8.0,5.0,0.38461538461538464,16.0,8.0,0.3333333333333333,9.0,6.0,0.4,12.0,4.0,0.25,1
160,2018-09-12,3,2,0.4,10.0,1.0,0.09090909090909091,3.0,3.0,0.5,8.0,3.0,0.2727272727272727,8.0,10.0,0.5555555555555556,8.0,5.0,0.38461538461538464,16.0,8.0,0.3333333333333333,9.0,6.0,0.4,1
161,2018-09-11,6,7,0.5384615384615384,3.0,2.0,0.4,10.0,1.0,0.09090909090909091,3.0,3.0,0.5,8.0,3.0,0.2727272727272727,8.0,10.0,0.5555555555555556,8.0,5.0,0.38461538461538464,16.0,8.0,0.3333333333333333,1
162,2018-09-10,12,1,0.07692307692307693,6.0,7.0,0.5384615384615384,3.0,2.0,0.4,10.0,1.0,0.09090909090909091,3.0,3.0,0.5,8.0,3.0,0.2727272727272727,8.0,10.0,0.5555555555555556,8.0,5.0,0.38461538461538464,1
163,2018-09-07,2,1,0.3333333333333333,12.0,1.0,0.07692307692307693,6.0,7.0,0.5384615384615384,3.0,2.0,0.4,10.0,1.0,0.09090909090909091,3.0,3.0,0.5,8.0,3.0,0.2727272727272727,8.0,10.0,0.5555555555555556,0
164,2018-09-06,5,6,0.5454545454545454,2.0,1.0,0.3333333333333333,12.0,1.0,0.07692307692307693,6.0,7.0,0.5384615384615384,3.0,2.0,0.4,10.0,1.0,0.09090909090909091,3.0,3.0,0.5,8.0,3.0,0.2727272727272727,0
165,2018-09-05,4,2,0.3333333333333333,5.0,6.0,0.5454545454545454,2.0,1.0,0.3333333333333333,12.0,1.0,0.07692307692307693,6.0,7.0,0.5384615384615384,3.0,2.0,0.4,10.0,1.0,0.09090909090909091,3.0,3.0,0.5,1
166,2018-09-04,5,6,0.5454545454545454,4.0,2.0,0.3333333333333333,5.0,6.0,0.5454545454545454,2.0,1.0,0.3333333333333333,12.0,1.0,0.07692307692307693,6.0,7.0,0.5384615384615384,3.0,2.0,0.4,10.0,1.0,0.09090909090909091,1
167,2018-08-31,6,3,0.3333333333333333,5.0,6.0,0.5454545454545454,4.0,2.0,0.3333333333333333,5.0,6.0,0.5454545454545454,2.0,1.0,0.3333333333333333,12.0,1.0,0.07692307692307693,6.0,7.0,0.5384615384615384,3.0,2.0,0.4,0
168,2018-08-30,9,0,0.0,6.0,3.0,0.3333333333333333,5.0,6.0,0.5454545454545454,4.0,2.0,0.3333333333333333,5.0,6.0,0.5454545454545454,2.0,1.0,0.3333333333333333,12.0,1.0,0.07692307692307693,6.0,7.0,0.5384615384615384,0
169,2018-08-29,4,2,0.3333333333333333,9.0,0.0,0.0,6.0,3.0,0.3333333333333333,5.0,6.0,0.5454545454545454,4.0,2.0,0.3333333333333333,5.0,6.0,0.5454545454545454,2.0,1.0,0.3333333333333333,12.0,1.0,0.07692307692307693,0
170,2018-08-28,5,2,0.2857142857142857,4.0,2.0,0.3333333333333333,9.0,0.0,0.0,6.0,3.0,0.3333333333333333,5.0,6.0,0.5454545454545454,4.0,2.0,0.3333333333333333,5.0,6.0,0.5454545454545454,2.0,1.0,0.3333333333333333,1
171,2018-08-27,1,1,0.5,5.0,2.0,0.2857142857142857,4.0,2.0,0.3333333333333333,9.0,0.0,0.0,6.0,3.0,0.3333333333333333,5.0,6.0,0.5454545454545454,4.0,2.0,0.3333333333333333,5.0,6.0,0.5454545454545454,1
172,2018-08-24,11,1,0.08333333333333333,1.0,1.0,0.5,5.0,2.0,0.2857142857142857,4.0,2.0,0.3333333333333333,9.0,0.0,0.0,6.0,3.0,0.3333333333333333,5.0,6.0,0.5454545454545454,4.0,2.0,0.3333333333333333,1
173,2018-08-23,5,2,0.2857142857142857,11.0,1.0,0.08333333333333333,1.0,1.0,0.5,5.0,2.0,0.2857142857142857,4.0,2.0,0.3333333333333333,9.0,0.0,0.0,6.0,3.0,0.3333333333333333,5.0,6.0,0.5454545454545454,1
174,2018-08-22,5,2,0.2857142857142857,5.0,2.0,0.2857142857142857,11.0,1.0,0.08333333333333333,1.0,1.0,0.5,5.0,2.0,0.2857142857142857,4.0,2.0,0.3333333333333333,9.0,0.0,0.0,6.0,3.0,0.3333333333333333,0
175,2018-08-21,7,2,0.2222222222222222,5.0,2.0,0.2857142857142857,5.0,2.0,0.2857142857142857,11.0,1.0,0.08333333333333333,1.0,1.0,0.5,5.0,2.0,0.2857142857142857,4.0,2.0,0.3333333333333333,9.0,0.0,0.0,0
176,2018-08-20,12,0,0.0,7.0,2.0,0.2222222222222222,5.0,2.0,0.2857142857142857,5.0,2.0,0.2857142857142857,11.0,1.0,0.08333333333333333,1.0,1.0,0.5,5.0,2.0,0.2857142857142857,4.0,2.0,0.3333333333333333,1
177,2018-08-17,17,2,0.10526315789473684,12.0,0.0,0.0,7.0,2.0,0.2222222222222222,5.0,2.0,0.2857142857142857,5.0,2.0,0.2857142857142857,11.0,1.0,0.08333333333333333,1.0,1.0,0.5,5.0,2.0,0.2857142857142857,1
178,2018-08-16,20,7,0.25925925925925924,17.0,2.0,0.10526315789473684,12.0,0.0,0.0,7.0,2.0,0.2222222222222222,5.0,2.0,0.2857142857142857,5.0,2.0,0.2857142857142857,11.0,1.0,0.08333333333333333,1.0,1.0,0.5,1
179,2018-08-15,10,3,0.23076923076923078,20.0,7.0,0.25925925925925924,17.0,2.0,0.10526315789473684,12.0,0.0,0.0,7.0,2.0,0.2222222222222222,5.0,2.0,0.2857142857142857,5.0,2.0,0.2857142857142857,11.0,1.0,0.08333333333333333,1
180,2018-08-14,3,1,0.25,10.0,3.0,0.23076923076923078,20.0,7.0,0.25925925925925924,17.0,2.0,0.10526315789473684,12.0,0.0,0.0,7.0,2.0,0.2222222222222222,5.0,2.0,0.2857142857142857,5.0,2.0,0.2857142857142857,0
181,2018-08-13,6,0,0.0,3.0,1.0,0.25,10.0,3.0,0.23076923076923078,20.0,7.0,0.25925925925925924,17.0,2.0,0.10526315789473684,12.0,0.0,0.0,7.0,2.0,0.2222222222222222,5.0,2.0,0.2857142857142857,1
182,2018-08-10,7,5,0.4166666666666667,6.0,0.0,0.0,3.0,1.0,0.25,10.0,3.0,0.23076923076923078,20.0,7.0,0.25925925925925924,17.0,2.0,0.10526315789473684,12.0,0.0,0.0,7.0,2.0,0.2222222222222222,0
183,2018-08-09,5,3,0.375,7.0,5.0,0.4166666666666667,6.0,0.0,0.0,3.0,1.0,0.25,10.0,3.0,0.23076923076923078,20.0,7.0,0.25925925925925924,17.0,2.0,0.10526315789473684,12.0,0.0,0.0,0
184,2018-08-08,14,3,0.17647058823529413,5.0,3.0,0.375,7.0,5.0,0.4166666666666667,6.0,0.0,0.0,3.0,1.0,0.25,10.0,3.0,0.23076923076923078,20.0,7.0,0.25925925925925924,17.0,2.0,0.10526315789473684,0
185,2018-08-07,5,4,0.4444444444444444,14.0,3.0,0.17647058823529413,5.0,3.0,0.375,7.0,5.0,0.4166666666666667,6.0,0.0,0.0,3.0,1.0,0.25,10.0,3.0,0.23076923076923078,20.0,7.0,0.25925925925925924,0
186,2018-08-06,6,1,0.14285714285714285,5.0,4.0,0.4444444444444444,14.0,3.0,0.17647058823529413,5.0,3.0,0.375,7.0,5.0,0.4166666666666667,6.0,0.0,0.0,3.0,1.0,0.25,10.0,3.0,0.23076923076923078,1
187,2018-08-03,4,2,0.3333333333333333,6.0,1.0,0.14285714285714285,5.0,4.0,0.4444444444444444,14.0,3.0,0.17647058823529413,5.0,3.0,0.375,7.0,5.0,0.4166666666666667,6.0,0.0,0.0,3.0,1.0,0.25,1
188,2018-08-02,3,4,0.5714285714285714,4.0,2.0,0.3333333333333333,6.0,1.0,0.14285714285714285,5.0,4.0,0.4444444444444444,14.0,3.0,0.17647058823529413,5.0,3.0,0.375,7.0,5.0,0.4166666666666667,6.0,0.0,0.0,1
189,2018-08-01,7,3,0.3,3.0,4.0,0.5714285714285714,4.0,2.0,0.3333333333333333,6.0,1.0,0.14285714285714285,5.0,4.0,0.4444444444444444,14.0,3.0,0.17647058823529413,5.0,3.0,0.375,7.0,5.0,0.4166666666666667,0
190,2018-07-31,7,2,0.2222222222222222,7.0,3.0,0.3,3.0,4.0,0.5714285714285714,4.0,2.0,0.3333333333333333,6.0,1.0,0.14285714285714285,5.0,4.0,0.4444444444444444,14.0,3.0,0.17647058823529413,5.0,3.0,0.375,0
191,2018-07-30,1,2,0.6666666666666666,7.0,2.0,0.2222222222222222,7.0,3.0,0.3,3.0,4.0,0.5714285714285714,4.0,2.0,0.3333333333333333,6.0,1.0,0.14285714285714285,5.0,4.0,0.4444444444444444,14.0,3.0,0.17647058823529413,1
192,2018-07-27,5,2,0.2857142857142857,1.0,2.0,0.6666666666666666,7.0,2.0,0.2222222222222222,7.0,3.0,0.3,3.0,4.0,0.5714285714285714,4.0,2.0,0.3333333333333333,6.0,1.0,0.14285714285714285,5.0,4.0,0.4444444444444444,0
193,2018-07-26,8,2,0.2,5.0,2.0,0.2857142857142857,1.0,2.0,0.6666666666666666,7.0,2.0,0.2222222222222222,7.0,3.0,0.3,3.0,4.0,0.5714285714285714,4.0,2.0,0.3333333333333333,6.0,1.0,0.14285714285714285,0
194,2018-07-25,6,2,0.25,8.0,2.0,0.2,5.0,2.0,0.2857142857142857,1.0,2.0,0.6666666666666666,7.0,2.0,0.2222222222222222,7.0,3.0,0.3,3.0,4.0,0.5714285714285714,4.0,2.0,0.3333333333333333,1
195,2018-07-24,11,7,0.3888888888888889,6.0,2.0,0.25,8.0,2.0,0.2,5.0,2.0,0.2857142857142857,1.0,2.0,0.6666666666666666,7.0,2.0,0.2222222222222222,7.0,3.0,0.3,3.0,4.0,0.5714285714285714,1
196,2018-07-23,4,0,0.0,11.0,7.0,0.3888888888888889,6.0,2.0,0.25,8.0,2.0,0.2,5.0,2.0,0.2857142857142857,1.0,2.0,0.6666666666666666,7.0,2.0,0.2222222222222222,7.0,3.0,0.3,1
197,2018-07-20,14,3,0.17647058823529413,4.0,0.0,0.0,11.0,7.0,0.3888888888888889,6.0,2.0,0.25,8.0,2.0,0.2,5.0,2.0,0.2857142857142857,1.0,2.0,0.6666666666666666,7.0,2.0,0.2222222222222222,0
198,2018-07-19,6,4,0.4,14.0,3.0,0.17647058823529413,4.0,0.0,0.0,11.0,7.0,0.3888888888888889,6.0,2.0,0.25,8.0,2.0,0.2,5.0,2.0,0.2857142857142857,1.0,2.0,0.6666666666666666,0
199,2018-07-18,9,6,0.4,6.0,4.0,0.4,14.0,3.0,0.17647058823529413,4.0,0.0,0.0,11.0,7.0,0.3888888888888889,6.0,2.0,0.25,8.0,2.0,0.2,5.0,2.0,0.2857142857142857,0
200,2018-07-17,3,1,0.25,9.0,6.0,0.4,6.0,4.0,0.4,14.0,3.0,0.17647058823529413,4.0,0.0,0.0,11.0,7.0,0.3888888888888889,6.0,2.0,0.25,8.0,2.0,0.2,1
201,2018-07-16,7,1,0.125,3.0,1.0,0.25,9.0,6.0,0.4,6.0,4.0,0.4,14.0,3.0,0.17647058823529413,4.0,0.0,0.0,11.0,7.0,0.3888888888888889,6.0,2.0,0.25,1
202,2018-07-13,10,1,0.09090909090909091,7.0,1.0,0.125,3.0,1.0,0.25,9.0,6.0,0.4,6.0,4.0,0.4,14.0,3.0,0.17647058823529413,4.0,0.0,0.0,11.0,7.0,0.3888888888888889,1
203,2018-07-12,12,7,0.3684210526315789,10.0,1.0,0.09090909090909091,7.0,1.0,0.125,3.0,1.0,0.25,9.0,6.0,0.4,6.0,4.0,0.4,14.0,3.0,0.17647058823529413,4.0,0.0,0.0,1
204,2018-07-11,24,8,0.25,12.0,7.0,0.3684210526315789,10.0,1.0,0.09090909090909091,7.0,1.0,0.125,3.0,1.0,0.25,9.0,6.0,0.4,6.0,4.0,0.4,14.0,3.0,0.17647058823529413,1
205,2018-07-10,17,4,0.19047619047619047,24.0,8.0,0.25,12.0,7.0,0.3684210526315789,10.0,1.0,0.09090909090909091,7.0,1.0,0.125,3.0,1.0,0.25,9.0,6.0,0.4,6.0,4.0,0.4,0
206,2018-07-09,21,5,0.19230769230769232,17.0,4.0,0.19047619047619047,24.0,8.0,0.25,12.0,7.0,0.3684210526315789,10.0,1.0,0.09090909090909091,7.0,1.0,0.125,3.0,1.0,0.25,9.0,6.0,0.4,1
207,2018-07-06,11,7,0.3888888888888889,21.0,5.0,0.19230769230769232,17.0,4.0,0.19047619047619047,24.0,8.0,0.25,12.0,7.0,0.3684210526315789,10.0,1.0,0.09090909090909091,7.0,1.0,0.125,3.0,1.0,0.25,1
208,2018-07-05,29,2,0.06451612903225806,11.0,7.0,0.3888888888888889,21.0,5.0,0.19230769230769232,17.0,4.0,0.19047619047619047,24.0,8.0,0.25,12.0,7.0,0.3684210526315789,10.0,1.0,0.09090909090909091,7.0,1.0,0.125,1
209,2018-07-03,30,12,0.2857142857142857,29.0,2.0,0.06451612903225806,11.0,7.0,0.3888888888888889,21.0,5.0,0.19230769230769232,17.0,4.0,0.19047619047619047,24.0,8.0,0.25,12.0,7.0,0.3684210526315789,10.0,1.0,0.09090909090909091,1
210,2018-07-02,16,12,0.42857142857142855,30.0,12.0,0.2857142857142857,29.0,2.0,0.06451612903225806,11.0,7.0,0.3888888888888889,21.0,5.0,0.19230769230769232,17.0,4.0,0.19047619047619047,24.0,8.0,0.25,12.0,7.0,0.3684210526315789,0
211,2018-06-29,49,15,0.234375,16.0,12.0,0.42857142857142855,30.0,12.0,0.2857142857142857,29.0,2.0,0.06451612903225806,11.0,7.0,0.3888888888888889,21.0,5.0,0.19230769230769232,17.0,4.0,0.19047619047619047,24.0,8.0,0.25,1
212,2018-06-28,35,20,0.36363636363636365,49.0,15.0,0.234375,16.0,12.0,0.42857142857142855,30.0,12.0,0.2857142857142857,29.0,2.0,0.06451612903225806,11.0,7.0,0.3888888888888889,21.0,5.0,0.19230769230769232,17.0,4.0,0.19047619047619047,1
213,2018-06-27,31,11,0.2619047619047619,35.0,20.0,0.36363636363636365,49.0,15.0,0.234375,16.0,12.0,0.42857142857142855,30.0,12.0,0.2857142857142857,29.0,2.0,0.06451612903225806,11.0,7.0,0.3888888888888889,21.0,5.0,0.19230769230769232,1
214,2018-06-26,14,7,0.3333333333333333,31.0,11.0,0.2619047619047619,35.0,20.0,0.36363636363636365,49.0,15.0,0.234375,16.0,12.0,0.42857142857142855,30.0,12.0,0.2857142857142857,29.0,2.0,0.06451612903225806,11.0,7.0,0.3888888888888889,0
215,2018-06-25,31,10,0.24390243902439024,14.0,7.0,0.3333333333333333,31.0,11.0,0.2619047619047619,35.0,20.0,0.36363636363636365,49.0,15.0,0.234375,16.0,12.0,0.42857142857142855,30.0,12.0,0.2857142857142857,29.0,2.0,0.06451612903225806,1
216,2018-06-22,10,3,0.23076923076923078,31.0,10.0,0.24390243902439024,14.0,7.0,0.3333333333333333,31.0,11.0,0.2619047619047619,35.0,20.0,0.36363636363636365,49.0,15.0,0.234375,16.0,12.0,0.42857142857142855,30.0,12.0,0.2857142857142857,0
217,2018-06-21,25,8,0.24242424242424243,10.0,3.0,0.23076923076923078,31.0,10.0,0.24390243902439024,14.0,7.0,0.3333333333333333,31.0,11.0,0.2619047619047619,35.0,20.0,0.36363636363636365,49.0,15.0,0.234375,16.0,12.0,0.42857142857142855,1
218,2018-06-20,8,2,0.2,25.0,8.0,0.24242424242424243,10.0,3.0,0.23076923076923078,31.0,10.0,0.24390243902439024,14.0,7.0,0.3333333333333333,31.0,11.0,0.2619047619047619,35.0,20.0,0.36363636363636365,49.0,15.0,0.234375,0
219,2018-06-19,9,4,0.3076923076923077,8.0,2.0,0.2,25.0,8.0,0.24242424242424243,10.0,3.0,0.23076923076923078,31.0,10.0,0.24390243902439024,14.0,7.0,0.3333333333333333,31.0,11.0,0.2619047619047619,35.0,20.0,0.36363636363636365,0
220,2018-06-18,8,2,0.2,9.0,4.0,0.3076923076923077,8.0,2.0,0.2,25.0,8.0,0.24242424242424243,10.0,3.0,0.23076923076923078,31.0,10.0,0.24390243902439024,14.0,7.0,0.3333333333333333,31.0,11.0,0.2619047619047619,0
221,2018-06-15,15,10,0.4,8.0,2.0,0.2,9.0,4.0,0.3076923076923077,8.0,2.0,0.2,25.0,8.0,0.24242424242424243,10.0,3.0,0.23076923076923078,31.0,10.0,0.24390243902439024,14.0,7.0,0.3333333333333333,0
222,2018-06-14,6,2,0.25,15.0,10.0,0.4,8.0,2.0,0.2,9.0,4.0,0.3076923076923077,8.0,2.0,0.2,25.0,8.0,0.24242424242424243,10.0,3.0,0.23076923076923078,31.0,10.0,0.24390243902439024,0
223,2018-06-13,25,8,0.24242424242424243,6.0,2.0,0.25,15.0,10.0,0.4,8.0,2.0,0.2,9.0,4.0,0.3076923076923077,8.0,2.0,0.2,25.0,8.0,0.24242424242424243,10.0,3.0,0.23076923076923078,0
224,2018-06-12,36,18,0.3333333333333333,25.0,8.0,0.24242424242424243,6.0,2.0,0.25,15.0,10.0,0.4,8.0,2.0,0.2,9.0,4.0,0.3076923076923077,8.0,2.0,0.2,25.0,8.0,0.24242424242424243,0
225,2018-06-11,24,12,0.3333333333333333,36.0,18.0,0.3333333333333333,25.0,8.0,0.24242424242424243,6.0,2.0,0.25,15.0,10.0,0.4,8.0,2.0,0.2,9.0,4.0,0.3076923076923077,8.0,2.0,0.2,0
226,2018-06-08,22,11,0.3333333333333333,24.0,12.0,0.3333333333333333,36.0,18.0,0.3333333333333333,25.0,8.0,0.24242424242424243,6.0,2.0,0.25,15.0,10.0,0.4,8.0,2.0,0.2,9.0,4.0,0.3076923076923077,1
227,2018-06-07,13,5,0.2777777777777778,22.0,11.0,0.3333333333333333,24.0,12.0,0.3333333333333333,36.0,18.0,0.3333333333333333,25.0,8.0,0.24242424242424243,6.0,2.0,0.25,15.0,10.0,0.4,8.0,2.0,0.2,1
228,2018-06-06,12,3,0.2,13.0,5.0,0.2777777777777778,22.0,11.0,0.3333333333333333,24.0,12.0,0.3333333333333333,36.0,18.0,0.3333333333333333,25.0,8.0,0.24242424242424243,6.0,2.0,0.25,15.0,10.0,0.4,1
229,2018-06-05,10,5,0.3333333333333333,12.0,3.0,0.2,13.0,5.0,0.2777777777777778,22.0,11.0,0.3333333333333333,24.0,12.0,0.3333333333333333,36.0,18.0,0.3333333333333333,25.0,8.0,0.24242424242424243,6.0,2.0,0.25,1
230,2018-06-04,8,3,0.2727272727272727,10.0,5.0,0.3333333333333333,12.0,3.0,0.2,13.0,5.0,0.2777777777777778,22.0,11.0,0.3333333333333333,24.0,12.0,0.3333333333333333,36.0,18.0,0.3333333333333333,25.0,8.0,0.24242424242424243,0
231,2018-06-01,11,6,0.35294117647058826,8.0,3.0,0.2727272727272727,10.0,5.0,0.3333333333333333,12.0,3.0,0.2,13.0,5.0,0.2777777777777778,22.0,11.0,0.3333333333333333,24.0,12.0,0.3333333333333333,36.0,18.0,0.3333333333333333,1
232,2018-05-31,9,9,0.5,11.0,6.0,0.35294117647058826,8.0,3.0,0.2727272727272727,10.0,5.0,0.3333333333333333,12.0,3.0,0.2,13.0,5.0,0.2777777777777778,22.0,11.0,0.3333333333333333,24.0,12.0,0.3333333333333333,1
233,2018-05-30,12,5,0.29411764705882354,9.0,9.0,0.5,11.0,6.0,0.35294117647058826,8.0,3.0,0.2727272727272727,10.0,5.0,0.3333333333333333,12.0,3.0,0.2,13.0,5.0,0.2777777777777778,22.0,11.0,0.3333333333333333,0
234,2018-05-29,25,13,0.34210526315789475,12.0,5.0,0.29411764705882354,9.0,9.0,0.5,11.0,6.0,0.35294117647058826,8.0,3.0,0.2727272727272727,10.0,5.0,0.3333333333333333,12.0,3.0,0.2,13.0,5.0,0.2777777777777778,1
235,2018-05-25,15,6,0.2857142857142857,25.0,13.0,0.34210526315789475,12.0,5.0,0.29411764705882354,9.0,9.0,0.5,11.0,6.0,0.35294117647058826,8.0,3.0,0.2727272727272727,10.0,5.0,0.3333333333333333,12.0,3.0,0.2,0
236,2018-05-24,17,6,0.2608695652173913,15.0,6.0,0.2857142857142857,25.0,13.0,0.34210526315789475,12.0,5.0,0.29411764705882354,9.0,9.0,0.5,11.0,6.0,0.35294117647058826,8.0,3.0,0.2727272727272727,10.0,5.0,0.3333333333333333,0
237,2018-05-23,9,13,0.5909090909090909,17.0,6.0,0.2608695652173913,15.0,6.0,0.2857142857142857,25.0,13.0,0.34210526315789475,12.0,5.0,0.29411764705882354,9.0,9.0,0.5,11.0,6.0,0.35294117647058826,8.0,3.0,0.2727272727272727,0
238,2018-05-22,17,7,0.2916666666666667,9.0,13.0,0.5909090909090909,17.0,6.0,0.2608695652173913,15.0,6.0,0.2857142857142857,25.0,13.0,0.34210526315789475,12.0,5.0,0.29411764705882354,9.0,9.0,0.5,11.0,6.0,0.35294117647058826,1
239,2018-05-21,15,11,0.4230769230769231,17.0,7.0,0.2916666666666667,9.0,13.0,0.5909090909090909,17.0,6.0,0.2608695652173913,15.0,6.0,0.2857142857142857,25.0,13.0,0.34210526315789475,12.0,5.0,0.29411764705882354,9.0,9.0,0.5,0
240,2018-05-18,5,2,0.2857142857142857,15.0,11.0,0.4230769230769231,17.0,7.0,0.2916666666666667,9.0,13.0,0.5909090909090909,17.0,6.0,0.2608695652173913,15.0,6.0,0.2857142857142857,25.0,13.0,0.34210526315789475,12.0,5.0,0.29411764705882354,1
241,2018-05-17,10,4,0.2857142857142857,5.0,2.0,0.2857142857142857,15.0,11.0,0.4230769230769231,17.0,7.0,0.2916666666666667,9.0,13.0,0.5909090909090909,17.0,6.0,0.2608695652173913,15.0,6.0,0.2857142857142857,25.0,13.0,0.34210526315789475,1
242,2018-05-16,9,6,0.4,10.0,4.0,0.2857142857142857,5.0,2.0,0.2857142857142857,15.0,11.0,0.4230769230769231,17.0,7.0,0.2916666666666667,9.0,13.0,0.5909090909090909,17.0,6.0,0.2608695652173913,15.0,6.0,0.2857142857142857,0
243,2018-05-14,9,1,0.1,9.0,6.0,0.4,10.0,4.0,0.2857142857142857,5.0,2.0,0.2857142857142857,15.0,11.0,0.4230769230769231,17.0,7.0,0.2916666666666667,9.0,13.0,0.5909090909090909,17.0,6.0,0.2608695652173913,0
244,2018-05-11,9,5,0.35714285714285715,9.0,1.0,0.1,9.0,6.0,0.4,10.0,4.0,0.2857142857142857,5.0,2.0,0.2857142857142857,15.0,11.0,0.4230769230769231,17.0,7.0,0.2916666666666667,9.0,13.0,0.5909090909090909,1
245,2018-05-10,24,8,0.25,9.0,5.0,0.35714285714285715,9.0,1.0,0.1,9.0,6.0,0.4,10.0,4.0,0.2857142857142857,5.0,2.0,0.2857142857142857,15.0,11.0,0.4230769230769231,17.0,7.0,0.2916666666666667,1
246,2018-05-09,15,12,0.4444444444444444,24.0,8.0,0.25,9.0,5.0,0.35714285714285715,9.0,1.0,0.1,9.0,6.0,0.4,10.0,4.0,0.2857142857142857,5.0,2.0,0.2857142857142857,15.0,11.0,0.4230769230769231,1
247,2018-05-08,30,6,0.16666666666666666,15.0,12.0,0.4444444444444444,24.0,8.0,0.25,9.0,5.0,0.35714285714285715,9.0,1.0,0.1,9.0,6.0,0.4,10.0,4.0,0.2857142857142857,5.0,2.0,0.2857142857142857,1
248,2018-05-07,17,2,0.10526315789473684,30.0,6.0,0.16666666666666666,15.0,12.0,0.4444444444444444,24.0,8.0,0.25,9.0,5.0,0.35714285714285715,9.0,1.0,0.1,9.0,6.0,0.4,10.0,4.0,0.2857142857142857,1
249,2018-05-04,9,4,0.3076923076923077,17.0,2.0,0.10526315789473684,30.0,6.0,0.16666666666666666,15.0,12.0,0.4444444444444444,24.0,8.0,0.25,9.0,5.0,0.35714285714285715,9.0,1.0,0.1,9.0,6.0,0.4,1
250,2018-05-03,48,21,0.30434782608695654,9.0,4.0,0.3076923076923077,17.0,2.0,0.10526315789473684,30.0,6.0,0.16666666666666666,15.0,12.0,0.4444444444444444,24.0,8.0,0.25,9.0,5.0,0.35714285714285715,9.0,1.0,0.1,1
251,2018-05-02,20,7,0.25925925925925924,48.0,21.0,0.30434782608695654,9.0,4.0,0.3076923076923077,17.0,2.0,0.10526315789473684,30.0,6.0,0.16666666666666666,15.0,12.0,0.4444444444444444,24.0,8.0,0.25,9.0,5.0,0.35714285714285715,1
252,2018-05-01,20,14,0.4117647058823529,20.0,7.0,0.25925925925925924,48.0,21.0,0.30434782608695654,9.0,4.0,0.3076923076923077,17.0,2.0,0.10526315789473684,30.0,6.0,0.16666666666666666,15.0,12.0,0.4444444444444444,24.0,8.0,0.25,0
253,2018-04-30,15,6,0.2857142857142857,20.0,14.0,0.4117647058823529,20.0,7.0,0.25925925925925924,48.0,21.0,0.30434782608695654,9.0,4.0,0.3076923076923077,17.0,2.0,0.10526315789473684,30.0,6.0,0.16666666666666666,15.0,12.0,0.4444444444444444,0
254,2018-04-27,12,6,0.3333333333333333,15.0,6.0,0.2857142857142857,20.0,14.0,0.4117647058823529,20.0,7.0,0.25925925925925924,48.0,21.0,0.30434782608695654,9.0,4.0,0.3076923076923077,17.0,2.0,0.10526315789473684,30.0,6.0,0.16666666666666666,0
255,2018-04-26,21,6,0.2222222222222222,12.0,6.0,0.3333333333333333,15.0,6.0,0.2857142857142857,20.0,14.0,0.4117647058823529,20.0,7.0,0.25925925925925924,48.0,21.0,0.30434782608695654,9.0,4.0,0.3076923076923077,17.0,2.0,0.10526315789473684,0
256,2018-04-25,28,13,0.3170731707317073,21.0,6.0,0.2222222222222222,12.0,6.0,0.3333333333333333,15.0,6.0,0.2857142857142857,20.0,14.0,0.4117647058823529,20.0,7.0,0.25925925925925924,48.0,21.0,0.30434782608695654,9.0,4.0,0.3076923076923077,1
257,2018-04-24,45,25,0.35714285714285715,28.0,13.0,0.3170731707317073,21.0,6.0,0.2222222222222222,12.0,6.0,0.3333333333333333,15.0,6.0,0.2857142857142857,20.0,14.0,0.4117647058823529,20.0,7.0,0.25925925925925924,48.0,21.0,0.30434782608695654,1
258,2018-04-23,13,4,0.23529411764705882,45.0,25.0,0.35714285714285715,28.0,13.0,0.3170731707317073,21.0,6.0,0.2222222222222222,12.0,6.0,0.3333333333333333,15.0,6.0,0.2857142857142857,20.0,14.0,0.4117647058823529,20.0,7.0,0.25925925925925924,0
259,2018-04-20,21,12,0.36363636363636365,13.0,4.0,0.23529411764705882,45.0,25.0,0.35714285714285715,28.0,13.0,0.3170731707317073,21.0,6.0,0.2222222222222222,12.0,6.0,0.3333333333333333,15.0,6.0,0.2857142857142857,20.0,14.0,0.4117647058823529,0
260,2018-04-19,18,21,0.5384615384615384,21.0,12.0,0.36363636363636365,13.0,4.0,0.23529411764705882,45.0,25.0,0.35714285714285715,28.0,13.0,0.3170731707317073,21.0,6.0,0.2222222222222222,12.0,6.0,0.3333333333333333,15.0,6.0,0.2857142857142857,0
261,2018-04-18,21,11,0.34375,18.0,21.0,0.5384615384615384,21.0,12.0,0.36363636363636365,13.0,4.0,0.23529411764705882,45.0,25.0,0.35714285714285715,28.0,13.0,0.3170731707317073,21.0,6.0,0.2222222222222222,12.0,6.0,0.3333333333333333,0
262,2018-04-17,23,13,0.3611111111111111,21.0,11.0,0.34375,18.0,21.0,0.5384615384615384,21.0,12.0,0.36363636363636365,13.0,4.0,0.23529411764705882,45.0,25.0,0.35714285714285715,28.0,13.0,0.3170731707317073,21.0,6.0,0.2222222222222222,0
263,2018-04-16,24,6,0.2,23.0,13.0,0.3611111111111111,21.0,11.0,0.34375,18.0,21.0,0.5384615384615384,21.0,12.0,0.36363636363636365,13.0,4.0,0.23529411764705882,45.0,25.0,0.35714285714285715,28.0,13.0,0.3170731707317073,1
264,2018-04-13,25,15,0.375,24.0,6.0,0.2,23.0,13.0,0.3611111111111111,21.0,11.0,0.34375,18.0,21.0,0.5384615384615384,21.0,12.0,0.36363636363636365,13.0,4.0,0.23529411764705882,45.0,25.0,0.35714285714285715,1
265,2018-04-12,32,9,0.21951219512195122,25.0,15.0,0.375,24.0,6.0,0.2,23.0,13.0,0.3611111111111111,21.0,11.0,0.34375,18.0,21.0,0.5384615384615384,21.0,12.0,0.36363636363636365,13.0,4.0,0.23529411764705882,0
266,2018-04-11,44,14,0.2413793103448276,32.0,9.0,0.21951219512195122,25.0,15.0,0.375,24.0,6.0,0.2,23.0,13.0,0.3611111111111111,21.0,11.0,0.34375,18.0,21.0,0.5384615384615384,21.0,12.0,0.36363636363636365,1
267,2018-04-10,79,23,0.22549019607843138,44.0,14.0,0.2413793103448276,32.0,9.0,0.21951219512195122,25.0,15.0,0.375,24.0,6.0,0.2,23.0,13.0,0.3611111111111111,21.0,11.0,0.34375,18.0,21.0,0.5384615384615384,0
268,2018-04-09,64,18,0.21951219512195122,79.0,23.0,0.22549019607843138,44.0,14.0,0.2413793103448276,32.0,9.0,0.21951219512195122,25.0,15.0,0.375,24.0,6.0,0.2,23.0,13.0,0.3611111111111111,21.0,11.0,0.34375,1
269,2018-04-06,89,32,0.2644628099173554,64.0,18.0,0.21951219512195122,79.0,23.0,0.22549019607843138,44.0,14.0,0.2413793103448276,32.0,9.0,0.21951219512195122,25.0,15.0,0.375,24.0,6.0,0.2,23.0,13.0,0.3611111111111111,1
270,2018-04-05,90,33,0.2682926829268293,89.0,32.0,0.2644628099173554,64.0,18.0,0.21951219512195122,79.0,23.0,0.22549019607843138,44.0,14.0,0.2413793103448276,32.0,9.0,0.21951219512195122,25.0,15.0,0.375,24.0,6.0,0.2,0
271,2018-04-04,80,53,0.39849624060150374,90.0,33.0,0.2682926829268293,89.0,32.0,0.2644628099173554,64.0,18.0,0.21951219512195122,79.0,23.0,0.22549019607843138,44.0,14.0,0.2413793103448276,32.0,9.0,0.21951219512195122,25.0,15.0,0.375,1
272,2018-04-03,57,13,0.18571428571428572,80.0,53.0,0.39849624060150374,90.0,33.0,0.2682926829268293,89.0,32.0,0.2644628099173554,64.0,18.0,0.21951219512195122,79.0,23.0,0.22549019607843138,44.0,14.0,0.2413793103448276,32.0,9.0,0.21951219512195122,1
273,2018-04-02,83,18,0.1782178217821782,57.0,13.0,0.18571428571428572,80.0,53.0,0.39849624060150374,90.0,33.0,0.2682926829268293,89.0,32.0,0.2644628099173554,64.0,18.0,0.21951219512195122,79.0,23.0,0.22549019607843138,44.0,14.0,0.2413793103448276,1
274,2018-03-29,22,10,0.3125,83.0,18.0,0.1782178217821782,57.0,13.0,0.18571428571428572,80.0,53.0,0.39849624060150374,90.0,33.0,0.2682926829268293,89.0,32.0,0.2644628099173554,64.0,18.0,0.21951219512195122,79.0,23.0,0.22549019607843138,0
275,2018-03-28,73,25,0.25510204081632654,22.0,10.0,0.3125,83.0,18.0,0.1782178217821782,57.0,13.0,0.18571428571428572,80.0,53.0,0.39849624060150374,90.0,33.0,0.2682926829268293,89.0,32.0,0.2644628099173554,64.0,18.0,0.21951219512195122,1
276,2018-03-27,55,20,0.26666666666666666,73.0,25.0,0.25510204081632654,22.0,10.0,0.3125,83.0,18.0,0.1782178217821782,57.0,13.0,0.18571428571428572,80.0,53.0,0.39849624060150374,90.0,33.0,0.2682926829268293,89.0,32.0,0.2644628099173554,0
277,2018-03-26,70,31,0.3069306930693069,55.0,20.0,0.26666666666666666,73.0,25.0,0.25510204081632654,22.0,10.0,0.3125,83.0,18.0,0.1782178217821782,57.0,13.0,0.18571428571428572,80.0,53.0,0.39849624060150374,90.0,33.0,0.2682926829268293,0
278,2018-03-23,46,22,0.3235294117647059,70.0,31.0,0.3069306930693069,55.0,20.0,0.26666666666666666,73.0,25.0,0.25510204081632654,22.0,10.0,0.3125,83.0,18.0,0.1782178217821782,57.0,13.0,0.18571428571428572,80.0,53.0,0.39849624060150374,1
279,2018-03-22,78,35,0.30973451327433627,46.0,22.0,0.3235294117647059,70.0,31.0,0.3069306930693069,55.0,20.0,0.26666666666666666,73.0,25.0,0.25510204081632654,22.0,10.0,0.3125,83.0,18.0,0.1782178217821782,57.0,13.0,0.18571428571428572,0
280,2018-03-21,33,19,0.36538461538461536,78.0,35.0,0.30973451327433627,46.0,22.0,0.3235294117647059,70.0,31.0,0.3069306930693069,55.0,20.0,0.26666666666666666,73.0,25.0,0.25510204081632654,22.0,10.0,0.3125,83.0,18.0,0.1782178217821782,0
281,2018-03-20,14,4,0.2222222222222222,33.0,19.0,0.36538461538461536,78.0,35.0,0.30973451327433627,46.0,22.0,0.3235294117647059,70.0,31.0,0.3069306930693069,55.0,20.0,0.26666666666666666,73.0,25.0,0.25510204081632654,22.0,10.0,0.3125,0
282,2018-03-19,35,21,0.375,14.0,4.0,0.2222222222222222,33.0,19.0,0.36538461538461536,78.0,35.0,0.30973451327433627,46.0,22.0,0.3235294117647059,70.0,31.0,0.3069306930693069,55.0,20.0,0.26666666666666666,73.0,25.0,0.25510204081632654,1
283,2018-03-16,17,5,0.22727272727272727,35.0,21.0,0.375,14.0,4.0,0.2222222222222222,33.0,19.0,0.36538461538461536,78.0,35.0,0.30973451327433627,46.0,22.0,0.3235294117647059,70.0,31.0,0.3069306930693069,55.0,20.0,0.26666666666666666,0
284,2018-03-15,29,7,0.19444444444444445,17.0,5.0,0.22727272727272727,35.0,21.0,0.375,14.0,4.0,0.2222222222222222,33.0,19.0,0.36538461538461536,78.0,35.0,0.30973451327433627,46.0,22.0,0.3235294117647059,70.0,31.0,0.3069306930693069,1
285,2018-03-14,44,14,0.2413793103448276,29.0,7.0,0.19444444444444445,17.0,5.0,0.22727272727272727,35.0,21.0,0.375,14.0,4.0,0.2222222222222222,33.0,19.0,0.36538461538461536,78.0,35.0,0.30973451327433627,46.0,22.0,0.3235294117647059,1
286,2018-03-13,69,16,0.18823529411764706,44.0,14.0,0.2413793103448276,29.0,7.0,0.19444444444444445,17.0,5.0,0.22727272727272727,35.0,21.0,0.375,14.0,4.0,0.2222222222222222,33.0,19.0,0.36538461538461536,78.0,35.0,0.30973451327433627,0
287,2018-03-12,26,5,0.16129032258064516,69.0,16.0,0.18823529411764706,44.0,14.0,0.2413793103448276,29.0,7.0,0.19444444444444445,17.0,5.0,0.22727272727272727,35.0,21.0,0.375,14.0,4.0,0.2222222222222222,33.0,19.0,0.36538461538461536,0
288,2018-03-09,37,14,0.27450980392156865,26.0,5.0,0.16129032258064516,69.0,16.0,0.18823529411764706,44.0,14.0,0.2413793103448276,29.0,7.0,0.19444444444444445,17.0,5.0,0.22727272727272727,35.0,21.0,0.375,14.0,4.0,0.2222222222222222,0
289,2018-03-08,37,12,0.24489795918367346,37.0,14.0,0.27450980392156865,26.0,5.0,0.16129032258064516,69.0,16.0,0.18823529411764706,44.0,14.0,0.2413793103448276,29.0,7.0,0.19444444444444445,17.0,5.0,0.22727272727272727,35.0,21.0,0.375,1
290,2018-03-07,38,14,0.2692307692307692,37.0,12.0,0.24489795918367346,37.0,14.0,0.27450980392156865,26.0,5.0,0.16129032258064516,69.0,16.0,0.18823529411764706,44.0,14.0,0.2413793103448276,29.0,7.0,0.19444444444444445,17.0,5.0,0.22727272727272727,1
291,2018-03-06,28,18,0.391304347826087,38.0,14.0,0.2692307692307692,37.0,12.0,0.24489795918367346,37.0,14.0,0.27450980392156865,26.0,5.0,0.16129032258064516,69.0,16.0,0.18823529411764706,44.0,14.0,0.2413793103448276,29.0,7.0,0.19444444444444445,0
292,2018-03-05,17,12,0.41379310344827586,28.0,18.0,0.391304347826087,38.0,14.0,0.2692307692307692,37.0,12.0,0.24489795918367346,37.0,14.0,0.27450980392156865,26.0,5.0,0.16129032258064516,69.0,16.0,0.18823529411764706,44.0,14.0,0.2413793103448276,1
293,2018-03-02,63,21,0.25,17.0,12.0,0.41379310344827586,28.0,18.0,0.391304347826087,38.0,14.0,0.2692307692307692,37.0,12.0,0.24489795918367346,37.0,14.0,0.27450980392156865,26.0,5.0,0.16129032258064516,69.0,16.0,0.18823529411764706,1
294,2018-03-01,83,23,0.2169811320754717,63.0,21.0,0.25,17.0,12.0,0.41379310344827586,28.0,18.0,0.391304347826087,38.0,14.0,0.2692307692307692,37.0,12.0,0.24489795918367346,37.0,14.0,0.27450980392156865,26.0,5.0,0.16129032258064516,0
295,2018-02-28,46,10,0.17857142857142858,83.0,23.0,0.2169811320754717,63.0,21.0,0.25,17.0,12.0,0.41379310344827586,28.0,18.0,0.391304347826087,38.0,14.0,0.2692307692307692,37.0,12.0,0.24489795918367346,37.0,14.0,0.27450980392156865,0
296,2018-02-27,25,8,0.24242424242424243,46.0,10.0,0.17857142857142858,83.0,23.0,0.2169811320754717,63.0,21.0,0.25,17.0,12.0,0.41379310344827586,28.0,18.0,0.391304347826087,38.0,14.0,0.2692307692307692,37.0,12.0,0.24489795918367346,0
297,2018-02-26,27,12,0.3076923076923077,25.0,8.0,0.24242424242424243,46.0,10.0,0.17857142857142858,83.0,23.0,0.2169811320754717,63.0,21.0,0.25,17.0,12.0,0.41379310344827586,28.0,18.0,0.391304347826087,38.0,14.0,0.2692307692307692,0
298,2018-02-23,31,13,0.29545454545454547,27.0,12.0,0.3076923076923077,25.0,8.0,0.24242424242424243,46.0,10.0,0.17857142857142858,83.0,23.0,0.2169811320754717,63.0,21.0,0.25,17.0,12.0,0.41379310344827586,28.0,18.0,0.391304347826087,1
299,2018-02-22,29,9,0.23684210526315788,31.0,13.0,0.29545454545454547,27.0,12.0,0.3076923076923077,25.0,8.0,0.24242424242424243,46.0,10.0,0.17857142857142858,83.0,23.0,0.2169811320754717,63.0,21.0,0.25,17.0,12.0,0.41379310344827586,1
300,2018-02-21,36,19,0.34545454545454546,29.0,9.0,0.23684210526315788,31.0,13.0,0.29545454545454547,27.0,12.0,0.3076923076923077,25.0,8.0,0.24242424242424243,46.0,10.0,0.17857142857142858,83.0,23.0,0.2169811320754717,63.0,21.0,0.25,1
301,2018-02-20,24,11,0.3142857142857143,36.0,19.0,0.34545454545454546,29.0,9.0,0.23684210526315788,31.0,13.0,0.29545454545454547,27.0,12.0,0.3076923076923077,25.0,8.0,0.24242424242424243,46.0,10.0,0.17857142857142858,83.0,23.0,0.2169811320754717,0
302,2018-02-16,27,17,0.38636363636363635,24.0,11.0,0.3142857142857143,36.0,19.0,0.34545454545454546,29.0,9.0,0.23684210526315788,31.0,13.0,0.29545454545454547,27.0,12.0,0.3076923076923077,25.0,8.0,0.24242424242424243,46.0,10.0,0.17857142857142858,0
303,2018-02-15,33,8,0.1951219512195122,27.0,17.0,0.38636363636363635,24.0,11.0,0.3142857142857143,36.0,19.0,0.34545454545454546,29.0,9.0,0.23684210526315788,31.0,13.0,0.29545454545454547,27.0,12.0,0.3076923076923077,25.0,8.0,0.24242424242424243,1
304,2018-02-14,40,28,0.4117647058823529,33.0,8.0,0.1951219512195122,27.0,17.0,0.38636363636363635,24.0,11.0,0.3142857142857143,36.0,19.0,0.34545454545454546,29.0,9.0,0.23684210526315788,31.0,13.0,0.29545454545454547,27.0,12.0,0.3076923076923077,1
305,2018-02-13,49,18,0.26865671641791045,40.0,28.0,0.4117647058823529,33.0,8.0,0.1951219512195122,27.0,17.0,0.38636363636363635,24.0,11.0,0.3142857142857143,36.0,19.0,0.34545454545454546,29.0,9.0,0.23684210526315788,31.0,13.0,0.29545454545454547,1
306,2018-02-12,51,15,0.22727272727272727,49.0,18.0,0.26865671641791045,40.0,28.0,0.4117647058823529,33.0,8.0,0.1951219512195122,27.0,17.0,0.38636363636363635,24.0,11.0,0.3142857142857143,36.0,19.0,0.34545454545454546,29.0,9.0,0.23684210526315788,1
307,2018-02-09,108,70,0.39325842696629215,51.0,15.0,0.22727272727272727,49.0,18.0,0.26865671641791045,40.0,28.0,0.4117647058823529,33.0,8.0,0.1951219512195122,27.0,17.0,0.38636363636363635,24.0,11.0,0.3142857142857143,36.0,19.0,0.34545454545454546,1
308,2018-02-08,114,54,0.32142857142857145,108.0,70.0,0.39325842696629215,51.0,15.0,0.22727272727272727,49.0,18.0,0.26865671641791045,40.0,28.0,0.4117647058823529,33.0,8.0,0.1951219512195122,27.0,17.0,0.38636363636363635,24.0,11.0,0.3142857142857143,1
309,2018-02-07,85,25,0.22727272727272727,114.0,54.0,0.32142857142857145,108.0,70.0,0.39325842696629215,51.0,15.0,0.22727272727272727,49.0,18.0,0.26865671641791045,40.0,28.0,0.4117647058823529,33.0,8.0,0.1951219512195122,27.0,17.0,0.38636363636363635,0
310,2018-02-06,104,58,0.35802469135802467,85.0,25.0,0.22727272727272727,114.0,54.0,0.32142857142857145,108.0,70.0,0.39325842696629215,51.0,15.0,0.22727272727272727,49.0,18.0,0.26865671641791045,40.0,28.0,0.4117647058823529,33.0,8.0,0.1951219512195122,0
311,2018-02-05,164,89,0.35177865612648224,104.0,58.0,0.35802469135802467,85.0,25.0,0.22727272727272727,114.0,54.0,0.32142857142857145,108.0,70.0,0.39325842696629215,51.0,15.0,0.22727272727272727,49.0,18.0,0.26865671641791045,40.0,28.0,0.4117647058823529,1
312,2018-02-02,74,32,0.3018867924528302,164.0,89.0,0.35177865612648224,104.0,58.0,0.35802469135802467,85.0,25.0,0.22727272727272727,114.0,54.0,0.32142857142857145,108.0,70.0,0.39325842696629215,51.0,15.0,0.22727272727272727,49.0,18.0,0.26865671641791045,0
313,2018-02-01,39,23,0.3709677419354839,74.0,32.0,0.3018867924528302,164.0,89.0,0.35177865612648224,104.0,58.0,0.35802469135802467,85.0,25.0,0.22727272727272727,114.0,54.0,0.32142857142857145,108.0,70.0,0.39325842696629215,51.0,15.0,0.22727272727272727,0
314,2018-01-31,25,11,0.3055555555555556,39.0,23.0,0.3709677419354839,74.0,32.0,0.3018867924528302,164.0,89.0,0.35177865612648224,104.0,58.0,0.35802469135802467,85.0,25.0,0.22727272727272727,114.0,54.0,0.32142857142857145,108.0,70.0,0.39325842696629215,1
315,2018-01-30,39,13,0.25,25.0,11.0,0.3055555555555556,39.0,23.0,0.3709677419354839,74.0,32.0,0.3018867924528302,164.0,89.0,0.35177865612648224,104.0,58.0,0.35802469135802467,85.0,25.0,0.22727272727272727,114.0,54.0,0.32142857142857145,1
316,2018-01-29,20,10,0.3333333333333333,39.0,13.0,0.25,25.0,11.0,0.3055555555555556,39.0,23.0,0.3709677419354839,74.0,32.0,0.3018867924528302,164.0,89.0,0.35177865612648224,104.0,58.0,0.35802469135802467,85.0,25.0,0.22727272727272727,0
317,2018-01-26,39,35,0.47297297297297297,20.0,10.0,0.3333333333333333,39.0,13.0,0.25,25.0,11.0,0.3055555555555556,39.0,23.0,0.3709677419354839,74.0,32.0,0.3018867924528302,164.0,89.0,0.35177865612648224,104.0,58.0,0.35802469135802467,0
318,2018-01-25,30,18,0.375,39.0,35.0,0.47297297297297297,20.0,10.0,0.3333333333333333,39.0,13.0,0.25,25.0,11.0,0.3055555555555556,39.0,23.0,0.3709677419354839,74.0,32.0,0.3018867924528302,164.0,89.0,0.35177865612648224,1
319,2018-01-24,33,21,0.3888888888888889,30.0,18.0,0.375,39.0,35.0,0.47297297297297297,20.0,10.0,0.3333333333333333,39.0,13.0,0.25,25.0,11.0,0.3055555555555556,39.0,23.0,0.3709677419354839,74.0,32.0,0.3018867924528302,1
320,2018-01-23,14,11,0.44,33.0,21.0,0.3888888888888889,30.0,18.0,0.375,39.0,35.0,0.47297297297297297,20.0,10.0,0.3333333333333333,39.0,13.0,0.25,25.0,11.0,0.3055555555555556,39.0,23.0,0.3709677419354839,1
321,2018-01-22,18,23,0.5609756097560976,14.0,11.0,0.44,33.0,21.0,0.3888888888888889,30.0,18.0,0.375,39.0,35.0,0.47297297297297297,20.0,10.0,0.3333333333333333,39.0,13.0,0.25,25.0,11.0,0.3055555555555556,0
322,2018-01-19,27,13,0.325,18.0,23.0,0.5609756097560976,14.0,11.0,0.44,33.0,21.0,0.3888888888888889,30.0,18.0,0.375,39.0,35.0,0.47297297297297297,20.0,10.0,0.3333333333333333,39.0,13.0,0.25,1
323,2018-01-18,32,25,0.43859649122807015,27.0,13.0,0.325,18.0,23.0,0.5609756097560976,14.0,11.0,0.44,33.0,21.0,0.3888888888888889,30.0,18.0,0.375,39.0,35.0,0.47297297297297297,20.0,10.0,0.3333333333333333,1
324,2018-01-17,39,33,0.4583333333333333,32.0,25.0,0.43859649122807015,27.0,13.0,0.325,18.0,23.0,0.5609756097560976,14.0,11.0,0.44,33.0,21.0,0.3888888888888889,30.0,18.0,0.375,39.0,35.0,0.47297297297297297,0
325,2018-01-16,75,44,0.3697478991596639,39.0,33.0,0.4583333333333333,32.0,25.0,0.43859649122807015,27.0,13.0,0.325,18.0,23.0,0.5609756097560976,14.0,11.0,0.44,33.0,21.0,0.3888888888888889,30.0,18.0,0.375,1
326,2018-01-12,68,46,0.40350877192982454,75.0,44.0,0.3697478991596639,39.0,33.0,0.4583333333333333,32.0,25.0,0.43859649122807015,27.0,13.0,0.325,18.0,23.0,0.5609756097560976,14.0,11.0,0.44,33.0,21.0,0.3888888888888889,0
327,2018-01-11,70,26,0.2708333333333333,68.0,46.0,0.40350877192982454,75.0,44.0,0.3697478991596639,39.0,33.0,0.4583333333333333,32.0,25.0,0.43859649122807015,27.0,13.0,0.325,18.0,23.0,0.5609756097560976,14.0,11.0,0.44,1
328,2018-01-10,32,26,0.4482758620689655,70.0,26.0,0.2708333333333333,68.0,46.0,0.40350877192982454,75.0,44.0,0.3697478991596639,39.0,33.0,0.4583333333333333,32.0,25.0,0.43859649122807015,27.0,13.0,0.325,18.0,23.0,0.5609756097560976,1
329,2018-01-09,39,19,0.3275862068965517,32.0,26.0,0.4482758620689655,70.0,26.0,0.2708333333333333,68.0,46.0,0.40350877192982454,75.0,44.0,0.3697478991596639,39.0,33.0,0.4583333333333333,32.0,25.0,0.43859649122807015,27.0,13.0,0.325,0
330,2018-01-08,21,10,0.3225806451612903,39.0,19.0,0.3275862068965517,32.0,26.0,0.4482758620689655,70.0,26.0,0.2708333333333333,68.0,46.0,0.40350877192982454,75.0,44.0,0.3697478991596639,39.0,33.0,0.4583333333333333,32.0,25.0,0.43859649122807015,1
331,2018-01-05,47,47,0.5,21.0,10.0,0.3225806451612903,39.0,19.0,0.3275862068965517,32.0,26.0,0.4482758620689655,70.0,26.0,0.2708333333333333,68.0,46.0,0.40350877192982454,75.0,44.0,0.3697478991596639,39.0,33.0,0.4583333333333333,0
332,2018-01-04,33,21,0.3888888888888889,47.0,47.0,0.5,21.0,10.0,0.3225806451612903,39.0,19.0,0.3275862068965517,32.0,26.0,0.4482758620689655,70.0,26.0,0.2708333333333333,68.0,46.0,0.40350877192982454,75.0,44.0,0.3697478991596639,1
333,2018-01-03,13,6,0.3157894736842105,33.0,21.0,0.3888888888888889,47.0,47.0,0.5,21.0,10.0,0.3225806451612903,39.0,19.0,0.3275862068965517,32.0,26.0,0.4482758620689655,70.0,26.0,0.2708333333333333,68.0,46.0,0.40350877192982454,1
